5.000000
5.414214
598.000000
275.000000
225.000000
5.000000
5.000000
599.000000
274.000000
270.000000
5.000000
5.414214
600.000000
274.000000
225.000000
5.000000
5.414214
601.000000
273.000000
225.000000
5.000000
7.162278
602.000000
272.000000
251.565048
5.000000
6.828427
605.000000
271.000000
225.000000
5.000000
6.828427
607.000000
269.000000
225.000000
5.000000
6.236068
609.000000
267.000000
206.565048
5.000000
13.219544
610.000000
265.000000
220.601288
5.000000
9.000000
616.000000
258.000000
216.869904
5.000000
11.211102
619.000000
254.000000
213.690063
5.000000
10.708204
623.000000
248.000000
206.565048
5.000000
9.385164
626.000000
242.000000
201.801407
5.000000
10.708204
628.000000
237.000000
206.565048
5.000000
10.403136
631.000000
231.000000
218.659729
5.000000
11.615759
635.000000
225.999985
203.198639
5.000000
22.357559
638.000000
219.000000
209.357758
5.000000
10.324570
647.000000
203.000000
198.434906
5.000000
10.708191
649.000000
196.999985
206.565109
5.000000
9.099020
652.000000
191.000000
191.309937
5.000000
7.162278
653.000000
186.000000
198.434952
5.000000
6.236082
654.000000
183.000000
206.564880
5.000000
4.999985
655.000000
180.999985
180.000000
5.000000
5.000015
655.000000
180.000000
180.000000
5.000000
5.000015
655.000000
178.999985
0.000000
5.000000
6.000000
655.000000
180.000000
0.000000
5.000000
10.999985
655.000000
182.000000
0.000000
5.000000
14.049891
655.000000
188.999985
354.289429
5.000000
16.000000
656.000000
199.000000
0.000000
5.000000
12.062258
656.000000
211.000000
352.875000
5.000000
16.000000
657.000000
219.000000
0.000000
5.000000
16.041595
657.000000
231.000000
355.236359
5.000000
16.369316
658.000000
243.000000
345.963745
5.000000
11.280109
661.000000
255.000000
344.054596
5.000000
13.486833
663.000000
262.000000
341.565063
5.000000
13.848858
666.000000
271.000000
336.037506
5.000000
8.472136
670.000000
280.000000
333.434937
5.000000
5.000000
672.000000
284.000000
0.000000
5.000000
5.414214
672.000000
285.000000
315.000000
5.000000
5.000000
673.000000
286.000000
0.000000
5.000000
5.000000
673.000000
287.000000
270.000000
5.000000
5.000000
674.000000
287.000000
270.000000
5.000000
5.000000
675.000000
287.000000
0.000000
5.000000
5.000000
675.000000
288.000000
270.000000
5.000000
5.000000
612.000000
234.000000
270.000000
5.000000
6.000000
613.000000
234.000000
270.000000
5.000000
6.236068
615.000000
234.000000
296.565063
5.000000
10.082763
617.000000
235.000000
279.462341
5.000000
12.000000
623.000000
236.000000
270.000000
5.000000
13.055386
631.000000
236.000000
276.340210
5.000000
14.000000
640.000000
237.000000
270.000000
5.000000
14.198039
650.000000
237.000000
281.309937
5.000000
15.000000
660.000000
239.000000
270.000000
5.000000
10.000000
671.000000
239.000000
270.000000
5.000000
7.000000
677.000000
239.000000
270.000000
5.000000
7.000000
680.000000
239.000000
270.000000
5.000000
6.000000
683.000000
239.000000
270.000000
