4.000000
4.999985
637.000000
230.000000
180.000000
4.000000
5.000015
637.000000
229.000015
180.000000
4.000000
5.000000
637.000000
228.000000
90.000000
4.000000
5.000000
636.000000
228.000000
90.000000
4.000000
6.000000
635.000000
228.000000
90.000000
4.000000
7.000000
633.000000
228.000000
90.000000
4.000000
5.000000
630.000000
228.000000
90.000000
4.000000
8.000000
629.000000
228.000000
90.000000
4.000000
7.162282
625.000000
228.000000
71.564789
4.000000
5.414203
622.000000
229.000015
45.000435
4.000000
7.162278
621.000000
230.000000
71.565048
4.000000
6.236068
618.000000
231.000000
63.434952
4.000000
6.236068
616.000000
232.000000
26.565048
4.000000
6.828427
615.000000
234.000000
45.000000
4.000000
8.472136
613.000000
236.000000
26.565048
4.000000
5.000000
611.000000
240.000000
0.000000
4.000000
6.000000
611.000000
241.000000
0.000000
4.000000
7.000000
611.000000
243.000000
0.000000
4.000000
7.000000
611.000000
246.000000
0.000000
4.000000
6.000000
611.000000
249.000000
0.000000
4.000000
10.000000
611.000000
251.000000
0.000000
4.000000
8.472136
611.000000
257.000000
333.434937
4.000000
7.605551
613.000000
261.000000
326.309937
4.000000
7.605551
615.000000
264.000000
326.309937
4.000000
6.236068
617.000000
267.000000
296.565063
4.000000
6.236068
619.000000
268.000000
296.565063
4.000000
7.605551
621.000000
269.000000
303.690063
4.000000
7.605551
624.000000
271.000000
303.690063
4.000000
6.236068
627.000000
273.000000
296.565063
4.000000
6.000000
629.000000
274.000000
270.000000
4.000000
6.000000
631.000000
274.000000
270.000000
4.000000
7.000000
633.000000
274.000000
270.000000
4.000000
5.000000
636.000000
274.000000
270.000000
4.000000
7.162278
637.000000
274.000000
251.565048
4.000000
8.472136
640.000000
273.000000
206.565048
4.000000
10.403124
642.000000
269.000000
231.340195
4.000000
9.385164
647.000000
265.000000
201.801407
4.000000
8.472136
649.000000
260.000000
206.565048
4.000000
8.123106
651.000000
256.000000
194.036240
4.000000
6.236068
652.000000
252.000000
206.565048
4.000000
7.000000
653.000000
250.000000
180.000000
4.000000
8.000000
653.000000
247.000000
180.000000
4.000000
7.000000
653.000000
243.000000
180.000000
4.000000
5.000000
653.000000
240.000000
180.000000
4.000000
7.000000
653.000000
239.000000
180.000000
4.000000
5.000000
653.000000
236.000000
180.000000
4.000000
5.000000
653.000000
235.000000
180.000000
4.000000
5.000000
653.000000
234.000000
180.000000
4.000000
6.236068
653.000000
233.000000
116.565048
4.000000
5.000000
651.000000
232.000000
90.000000
4.000000
6.236068
650.000000
232.000000
116.565048
4.000000
7.000000
648.000000
231.000000
90.000000
4.000000
5.000000
645.000000
231.000000
90.000000
4.000000
5.000000
644.000000
231.000000
90.000000
4.000000
5.000000
643.000000
231.000000
90.000000
4.000000
5.000000
642.000000
231.000000
90.000000
4.000000
6.236068
641.000000
231.000000
26.565048
4.000000
8.000000
640.000000
233.000000
0.000000
4.000000
6.000000
640.000000
237.000000
0.000000
4.000000
8.000000
640.000000
239.000000
0.000000
4.000000
10.324555
640.000000
243.000000
341.565063
4.000000
9.830952
642.000000
249.000000
329.036255
4.000000
9.385164
645.000000
254.000000
338.198608
4.000000
8.472136
647.000000
259.000000
333.434937
4.000000
8.123106
649.000000
263.000000
345.963745
4.000000
5.000000
650.000000
267.000000
0.000000
4.000000
5.414214
650.000000
268.000000
315.000000
4.000000
5.000000
651.000000
269.000000
0.000000
4.000000
5.000000
651.000000
270.000000
270.000000
4.000000
5.000000
652.000000
270.000000
0.000000
4.000000
5.000000
652.000000
271.000000
270.000000
4.000000
5.000000
653.000000
271.000000
270.000000
4.000000
9.000000
654.000000
271.000000
233.130096
4.000000
10.403124
658.000000
268.000000
231.340195
4.000000
8.242640
663.000000
264.000000
225.000000
4.000000
8.242640
666.000000
261.000000
225.000000
4.000000
7.162278
669.000000
258.000000
198.434952
4.000000
7.162278
670.000000
255.000000
198.434952
4.000000
5.414214
671.000000
252.000000
225.000000
4.000000
5.000000
672.000000
251.000000
180.000000
4.000000
5.000000
672.000000
250.000000
180.000000
4.000000
5.000000
672.000000
249.000000
180.000000
