5.000000
5.000000
620.000000
186.000000
0.000000
5.000000
5.000000
620.000000
187.000000
0.000000
5.000000
4.999985
620.000000
188.000000
0.000000
5.000000
5.000015
620.000000
188.999985
0.000000
5.000000
5.414214
620.000000
190.000000
315.000000
5.000000
5.000015
621.000000
191.000000
0.000000
5.000000
4.999985
621.000000
192.000015
0.000000
5.000000
6.000000
621.000000
193.000000
0.000000
5.000000
5.000000
621.000000
195.000000
0.000000
5.000000
6.236068
621.000000
196.000000
333.434937
5.000000
5.000000
622.000000
198.000000
0.000000
5.000000
6.000000
622.000000
199.000000
0.000000
5.000000
6.000000
622.000000
201.000000
0.000000
5.000000
8.123106
622.000000
203.000000
345.963745
5.000000
8.000000
623.000000
207.000000
0.000000
5.000000
8.000000
623.000000
211.000000
0.000000
5.000000
9.000000
623.000000
215.000000
0.000000
5.000000
9.000000
623.000000
220.000000
0.000000
5.000000
6.000000
623.000000
225.000000
0.000000
5.000000
9.000000
623.000000
227.000000
0.000000
5.000000
10.000000
623.000000
232.000000
0.000000
5.000000
7.000000
623.000000
238.000000
0.000000
5.000000
8.000000
623.000000
241.000000
0.000000
5.000000
8.123106
623.000000
245.000000
14.036240
5.000000
7.000000
622.000000
249.000000
0.000000
5.000000
5.000000
622.000000
252.000000
0.000000
5.000000
5.000000
622.000000
253.000000
0.000000
5.000000
5.000000
622.000000
254.000000
0.000000
5.000000
5.000000
622.000000
255.000000
0.000000
5.000000
5.000000
622.000000
256.000000
0.000000
5.000000
5.000000
622.000000
257.000000
0.000000
5.000000
6.236068
622.000000
258.000000
26.565048
5.000000
6.000000
621.000000
260.000000
0.000000
5.000000
5.000000
621.000000
262.000000
0.000000
5.000000
7.000000
621.000000
263.000000
0.000000
5.000000
5.000000
621.000000
266.000000
0.000000
5.000000
6.236068
621.000000
267.000000
26.565048
5.000000
5.000000
620.000000
269.000000
270.000000
5.000000
5.000000
621.000000
269.000000
270.000000
5.000000
5.000000
622.000000
269.000000
270.000000
5.000000
6.000000
623.000000
269.000000
270.000000
5.000000
6.000000
625.000000
269.000000
270.000000
5.000000
6.000000
627.000000
269.000000
270.000000
5.000000
8.000000
629.000000
269.000000
270.000000
5.000000
9.099020
633.000000
269.000000
258.690063
5.000000
8.000000
638.000000
268.000000
270.000000
5.000000
6.000000
642.000000
268.000000
270.000000
5.000000
8.000000
644.000000
268.000000
270.000000
5.000000
8.123106
648.000000
268.000000
255.963760
5.000000
7.605551
652.000000
267.000000
236.309937
5.000000
7.605551
655.000000
265.000000
236.309937
5.000000
5.000000
658.000000
263.000000
180.000000
5.000000
5.000000
658.000000
262.000000
270.000000
5.000000
5.000000
659.000000
262.000000
180.000000
5.000000
5.414214
659.000000
261.000000
225.000000
5.000000
5.000000
660.000000
260.000000
180.000000
5.000000
5.414214
660.000000
259.000000
225.000000
5.000000
7.000000
661.000000
258.000000
180.000000
5.000000
6.000000
661.000000
255.000000
180.000000
5.000000
5.000000
661.000000
253.000000
180.000000
5.000000
5.000000
661.000000
252.000000
180.000000
5.000000
6.000000
661.000000
251.000000
180.000000
5.000000
7.000000
661.000000
249.000000
180.000000
5.000000
8.000000
661.000000
246.000000
180.000000
5.000000
5.000000
661.000000
242.000000
180.000000
5.000000
5.000000
661.000000
241.000000
180.000000
5.000000
6.000000
661.000000
240.000000
180.000000
5.000000
5.414214
661.000000
238.000000
135.000000
5.000000
5.000000
660.000000
237.000000
180.000000
5.000000
6.000000
660.000000
236.000000
180.000000
5.000000
6.236068
660.000000
234.000000
153.434952
5.000000
5.414214
659.000000
232.000000
135.000000
5.000000
5.000000
658.000000
231.000000
180.000000
5.000000
5.414203
658.000000
230.000000
134.999573
5.000000
6.000000
657.000000
229.000015
90.000000
5.000000
6.236074
655.000000
229.000015
116.565399
5.000000
5.414214
653.000000
228.000000
135.000000
5.000000
5.000000
652.000000
227.000000
90.000000
5.000000
5.414225
651.000000
227.000000
135.000443
5.000000
5.414203
650.000000
225.999985
134.999573
5.000000
6.000000
649.000000
225.000000
90.000000
5.000000
5.000000
647.000000
225.000000
90.000000
5.000000
7.162273
646.000000
225.000000
108.434685
5.000000
5.000000
643.000000
224.000015
90.000000
5.000000
6.000000
642.000000
224.000015
90.000000
5.000000
5.000000
640.000000
224.000015
90.000000
5.000000
6.000000
639.000000
224.000015
90.000000
5.000000
5.000000
637.000000
224.000015
90.000000
5.000000
7.000000
636.000000
224.000015
90.000000
5.000000
6.000000
633.000000
224.000015
90.000000
5.000000
7.000000
631.000000
224.000015
90.000000
5.000000
6.000000
628.000000
224.000015
90.000000
5.000000
5.000000
626.000000
224.000015
90.000000
5.000000
5.000000
625.000000
224.000015
90.000000
5.000000
4.999985
624.000000
224.000015
0.000000
5.000000
4.999985
624.000000
225.000000
0.000000
5.000000
5.000000
624.000000
225.999985
270.000000
5.000000
6.000000
625.000000
225.999985
270.000000
5.000000
12.000000
627.000000
225.999985
270.000000
5.000000
9.099016
635.000000
225.999985
258.690247
5.000000
6.236061
640.000000
225.000000
243.435303
5.000000
8.472143
642.000000
224.000015
243.434769
5.000000
5.000000
646.000000
222.000000
270.000000
5.000000
6.000000
647.000000
222.000000
270.000000
5.000000
5.000000
649.000000
222.000000
270.000000
5.000000
5.414225
650.000000
222.000000
224.999557
5.000000
6.236061
651.000000
220.999985
243.435303
5.000000
7.162278
653.000000
220.000000
251.565048
5.000000
5.000000
656.000000
219.000000
180.000000
5.000000
6.236054
656.000000
218.000000
206.565231
5.000000
6.236082
657.000000
216.000015
206.564880
5.000000
6.000000
658.000000
214.000000
180.000000
5.000000
6.000000
658.000000
212.000000
180.000000
5.000000
7.162278
658.000000
210.000000
198.434952
5.000000
6.000015
659.000000
207.000000
180.000000
5.000000
7.605538
659.000000
204.999985
213.690201
5.000000
9.000015
661.000000
202.000000
180.000000
5.000000
6.236054
661.000000
196.999985
206.565231
5.000000
5.000000
662.000000
195.000000
180.000000
5.000000
5.000000
662.000000
194.000000
180.000000
5.000000
4.999985
662.000000
193.000000
180.000000
5.000000
5.000015
662.000000
192.000015
180.000000
5.000000
5.000000
662.000000
191.000000
180.000000
5.000000
5.414225
662.000000
190.000000
135.000443
5.000000
4.999985
661.000000
188.999985
180.000000
5.000000
5.000000
661.000000
188.000000
180.000000
5.000000
6.236068
661.000000
187.000000
153.434952
5.000000
5.414203
660.000000
185.000000
134.999573
5.000000
5.000015
659.000000
184.000015
180.000000
5.000000
5.414214
659.000000
183.000000
135.000000
5.000000
5.000015
658.000000
182.000000
180.000000
5.000000
4.999985
658.000000
180.999985
180.000000
5.000000
5.000000
658.000000
180.000000
90.000000
5.000000
5.000000
657.000000
180.000000
90.000000
5.000000
6.000000
656.000000
180.000000
90.000000
5.000000
7.000000
654.000000
180.000000
90.000000
5.000000
7.000000
651.000000
180.000000
90.000000
5.000000
5.000000
648.000000
180.000000
90.000000
5.000000
7.000000
647.000000
180.000000
90.000000
5.000000
9.099016
644.000000
180.000000
78.690231
5.000000
6.000000
639.000000
180.999985
90.000000
5.000000
8.123110
637.000000
180.999985
75.963547
5.000000
6.000000
633.000000
182.000000
90.000000
5.000000
5.000000
631.000000
182.000000
90.000000
5.000000
5.000000
630.000000
182.000000
90.000000
5.000000
5.000000
629.000000
182.000000
90.000000
5.000000
5.414214
628.000000
182.000000
45.000000
