4.000000
4.999985
613.000000
168.000015
0.000000
4.000000
8.000000
613.000000
169.000000
0.000000
4.000000
9.000000
613.000000
173.000000
0.000000
4.000000
10.000015
613.000000
178.000000
0.000000
4.000000
9.999985
613.000000
184.000015
0.000000
4.000000
14.049891
613.000000
190.000000
5.710579
4.000000
13.999985
612.000000
200.000015
0.000000
4.000000
16.000000
612.000000
210.000000
0.000000
4.000000
10.000000
612.000000
222.000000
0.000000
4.000000
18.142136
612.000000
228.000000
8.130104
4.000000
11.000000
610.000000
242.000000
0.000000
4.000000
11.071068
610.000000
249.000000
8.130104
4.000000
7.000000
609.000000
256.000000
0.000000
4.000000
8.123106
609.000000
259.000000
14.036240
4.000000
7.000000
608.000000
263.000000
0.000000
4.000000
6.236068
608.000000
266.000000
26.565048
4.000000
6.000000
607.000000
268.000000
0.000000
4.000000
5.414214
607.000000
270.000000
45.000000
4.000000
5.000000
606.000000
271.000000
0.000000
4.000000
5.000000
606.000000
272.000000
0.000000
4.000000
5.000000
606.000000
273.000000
180.000000
4.000000
6.000000
606.000000
272.000000
180.000000
4.000000
7.000000
606.000000
270.000000
180.000000
4.000000
12.000000
606.000000
267.000000
180.000000
4.000000
5.000000
606.000000
259.000000
180.000000
4.000000
7.162278
606.000000
258.000000
198.434952
4.000000
10.082763
607.000000
255.000000
189.462326
4.000000
6.236068
608.000000
249.000000
206.565048
4.000000
7.162278
609.000000
247.000000
198.434952
4.000000
9.099020
610.000000
244.000000
191.309937
4.000000
8.123106
611.000000
239.000000
194.036240
4.000000
7.162278
612.000000
235.000000
198.434952
4.000000
7.162263
613.000000
232.000000
198.435028
4.000000
6.236082
614.000000
229.000015
206.564880
4.000000
6.236068
615.000000
227.000000
206.565048
4.000000
6.236068
616.000000
225.000000
206.565048
4.000000
5.414214
617.000000
223.000000
225.000000
4.000000
5.000000
618.000000
222.000000
270.000000
4.000000
6.000000
619.000000
222.000000
270.000000
4.000000
6.000000
621.000000
222.000000
270.000000
4.000000
8.999988
623.000000
222.000000
323.130005
4.000000
7.605577
626.000000
225.999985
326.310211
4.000000
10.324541
628.000000
229.000015
341.565002
4.000000
6.236068
630.000000
235.000000
333.434937
4.000000
9.099020
631.000000
237.000000
348.690063
4.000000
10.000000
632.000000
242.000000
0.000000
4.000000
9.000000
632.000000
248.000000
0.000000
4.000000
6.000000
632.000000
253.000000
0.000000
4.000000
11.000000
632.000000
255.000000
0.000000
4.000000
8.000000
632.000000
262.000000
0.000000
4.000000
6.236068
632.000000
266.000000
26.565048
4.000000
12.062258
631.000000
268.000000
29.744884
4.000000
6.236068
627.000000
275.000000
26.565048
4.000000
6.236068
626.000000
277.000000
63.434952
4.000000
6.828427
624.000000
278.000000
45.000000
4.000000
8.000000
622.000000
280.000000
90.000000
4.000000
7.000000
618.000000
280.000000
90.000000
4.000000
8.000000
615.000000
280.000000
90.000000
4.000000
6.000000
611.000000
280.000000
90.000000
4.000000
6.000000
609.000000
280.000000
90.000000
4.000000
5.000000
607.000000
280.000000
90.000000
4.000000
5.000000
606.000000
280.000000
180.000000
4.000000
5.000000
606.000000
279.000000
180.000000
4.000000
6.000000
606.000000
278.000000
180.000000
