4.000000
7.999985
671.000000
188.000000
180.000000
4.000000
9.830967
671.000000
184.000015
120.964012
4.000000
14.000000
666.000000
180.999985
90.000000
4.000000
12.246215
656.000000
180.999985
75.963654
4.000000
18.560219
648.000000
183.000000
74.054604
4.000000
11.071079
634.000000
187.000000
44.999908
4.000000
6.236054
629.000000
192.000015
26.565228
4.000000
9.656855
628.000000
194.000000
45.000000
4.000000
8.242640
624.000000
198.000000
45.000000
4.000000
9.385164
621.000000
201.000000
68.198593
4.000000
6.236068
616.000000
203.000000
63.434952
4.000000
8.242640
614.000000
204.000000
45.000000
4.000000
9.000000
611.000000
207.000000
36.869900
4.000000
10.082763
608.000000
211.000000
9.462326
4.000000
11.000015
607.000000
217.000000
0.000000
4.000000
12.062243
607.000000
224.000015
7.125031
4.000000
9.000000
606.000000
232.000000
0.000000
4.000000
11.071068
606.000000
237.000000
351.869904
4.000000
11.211102
607.000000
244.000000
326.309937
4.000000
15.180340
611.000000
250.000000
333.434937
4.000000
13.219544
616.000000
260.000000
310.601288
4.000000
11.071068
623.000000
266.000000
315.000000
4.000000
11.615773
628.000000
271.000000
293.198608
4.000000
12.246211
635.000000
274.000000
284.036255
4.000000
8.123106
643.000000
276.000000
284.036255
4.000000
7.162278
647.000000
277.000000
288.434937
4.000000
10.082763
650.000000
278.000000
279.462341
4.000000
7.000000
656.000000
279.000000
270.000000
4.000000
8.000000
659.000000
279.000000
270.000000
4.000000
7.605551
663.000000
279.000000
236.309937
4.000000
7.605551
666.000000
277.000000
236.309937
4.000000
8.242640
669.000000
275.000000
225.000000
4.000000
7.605551
672.000000
272.000000
236.309937
4.000000
7.162278
675.000000
270.000000
198.434952
