4.000000
5.000000
653.000000
222.000000
90.000000
4.000000
5.000000
652.000000
222.000000
90.000000
4.000000
6.000000
651.000000
222.000000
90.000000
4.000000
5.000000
649.000000
222.000000
90.000000
4.000000
7.000000
648.000000
222.000000
90.000000
4.000000
7.000000
645.000000
222.000000
90.000000
4.000000
7.162278
642.000000
222.000000
71.565048
4.000000
6.828427
639.000000
223.000000
45.000000
4.000000
7.000000
637.000000
225.000000
90.000000
4.000000
6.828427
634.000000
225.000000
45.000000
4.000000
11.810249
632.000000
227.000000
39.805573
4.000000
6.828427
627.000000
233.000000
45.000000
4.000000
6.828427
625.000000
235.000000
45.000000
4.000000
10.082763
623.000000
237.000000
9.462326
4.000000
6.828427
622.000000
243.000000
45.000000
4.000000
7.162278
620.000000
245.000000
18.434952
4.000000
8.000000
619.000000
248.000000
0.000000
4.000000
6.000000
619.000000
252.000000
0.000000
4.000000
7.000000
619.000000
254.000000
0.000000
4.000000
6.000000
619.000000
257.000000
0.000000
4.000000
7.605551
619.000000
259.000000
326.309937
4.000000
8.242640
621.000000
262.000000
315.000000
4.000000
11.211102
624.000000
265.000000
303.690063
4.000000
5.414214
630.000000
269.000000
315.000000
4.000000
13.433981
631.000000
270.000000
302.005371
4.000000
12.246211
639.000000
275.000000
284.036255
4.000000
9.000000
647.000000
277.000000
270.000000
4.000000
9.099020
652.000000
277.000000
281.309937
4.000000
11.071068
657.000000
278.000000
278.130096
4.000000
9.000000
664.000000
279.000000
270.000000
4.000000
7.000000
669.000000
279.000000
270.000000
4.000000
8.000000
672.000000
279.000000
270.000000
4.000000
8.000000
676.000000
279.000000
270.000000
4.000000
7.162278
680.000000
279.000000
251.565048
4.000000
6.828427
683.000000
278.000000
225.000000
4.000000
7.162278
685.000000
276.000000
251.565048
4.000000
5.414214
688.000000
275.000000
225.000000
4.000000
5.414214
689.000000
274.000000
225.000000
4.000000
5.000000
690.000000
273.000000
180.000000
4.000000
5.000000
690.000000
272.000000
180.000000
