4.000000
8.123106
605.000000
187.000000
345.963745
4.000000
6.000000
606.000000
191.000000
0.000000
4.000000
7.999985
606.000000
193.000000
0.000000
4.000000
12.062258
606.000000
196.999985
352.875000
4.000000
12.000000
607.000000
204.999985
0.000000
4.000000
12.000000
607.000000
212.999985
0.000000
4.000000
12.000031
607.000000
220.999985
0.000000
4.000000
11.999985
607.000000
229.000015
0.000000
4.000000
10.000000
607.000000
237.000000
0.000000
4.000000
10.000000
607.000000
243.000000
0.000000
4.000000
9.000000
607.000000
249.000000
0.000000
4.000000
7.000000
607.000000
254.000000
0.000000
4.000000
8.000000
607.000000
257.000000
0.000000
4.000000
6.000000
607.000000
261.000000
0.000000
4.000000
6.000000
607.000000
263.000000
0.000000
4.000000
5.000000
607.000000
265.000000
0.000000
4.000000
5.000000
607.000000
266.000000
0.000000
4.000000
6.000000
607.000000
267.000000
0.000000
4.000000
6.000000
607.000000
269.000000
0.000000
4.000000
5.000000
607.000000
271.000000
0.000000
4.000000
7.000000
607.000000
272.000000
270.000000
4.000000
10.000000
610.000000
272.000000
270.000000
4.000000
16.000000
616.000000
272.000000
270.000000
4.000000
14.000000
628.000000
272.000000
270.000000
4.000000
9.000000
638.000000
272.000000
270.000000
4.000000
12.000000
643.000000
272.000000
270.000000
4.000000
7.605551
651.000000
272.000000
236.309937
4.000000
7.605551
654.000000
270.000000
236.309937
4.000000
7.605551
657.000000
268.000000
236.309937
4.000000
7.605551
660.000000
266.000000
236.309937
4.000000
9.000000
663.000000
264.000000
216.869904
4.000000
7.605551
666.000000
260.000000
213.690063
4.000000
9.385164
668.000000
257.000000
201.801407
4.000000
11.071068
670.000000
252.000000
188.130096
4.000000
12.544003
671.000000
245.000000
200.556046
4.000000
9.000000
674.000000
237.000000
180.000000
4.000000
11.000000
674.000000
232.000000
180.000000
4.000000
6.000000
674.000000
225.000000
180.000000
4.000000
10.999985
674.000000
223.000000
180.000000
4.000000
7.162307
674.000000
216.000015
161.565216
4.000000
9.098989
673.000000
212.999985
168.690002
4.000000
6.000015
672.000000
208.000015
180.000000
4.000000
6.828427
672.000000
206.000000
135.000000
4.000000
8.123091
670.000000
204.000000
165.963715
4.000000
8.472149
669.000000
200.000015
153.435028
4.000000
7.162278
667.000000
196.000000
161.565048
4.000000
9.000012
666.000000
193.000000
143.130203
4.000000
7.605538
663.000000
188.999985
146.309799
4.000000
6.236054
661.000000
186.000000
153.434769
4.000000
6.000000
660.000000
184.000015
90.000000
4.000000
7.605560
658.000000
184.000015
123.690269
4.000000
9.000000
655.000000
182.000000
90.000000
4.000000
10.000000
650.000000
182.000000
90.000000
4.000000
10.000000
644.000000
182.000000
90.000000
4.000000
7.000000
638.000000
182.000000
90.000000
4.000000
8.000000
635.000000
182.000000
90.000000
4.000000
9.000000
631.000000
182.000000
90.000000
4.000000
6.000000
626.000000
182.000000
90.000000
4.000000
7.000000
624.000000
182.000000
90.000000
4.000000
7.162278
621.000000
182.000000
71.565048
4.000000
6.000000
618.000000
183.000000
90.000000
4.000000
5.000000
616.000000
183.000000
90.000000
4.000000
6.236074
615.000000
183.000000
63.434601
4.000000
6.828416
613.000000
184.000015
45.000217
4.000000
7.162263
611.000000
186.000000
18.435036
4.000000
7.000031
610.000000
188.999985
0.000000
