4.000000
4.999985
664.000000
180.000000
0.000000
4.000000
5.000015
664.000000
180.999985
0.000000
4.000000
8.000000
664.000000
182.000000
0.000000
4.000000
14.049875
664.000000
186.000000
354.289398
4.000000
14.000000
665.000000
196.000000
0.000000
4.000000
18.000000
665.000000
206.000000
0.000000
4.000000
9.000000
665.000000
220.000000
0.000000
4.000000
8.000015
665.000000
225.000000
0.000000
4.000000
7.999985
665.000000
229.000015
0.000000
4.000000
10.000000
665.000000
233.000000
0.000000
4.000000
9.000000
665.000000
239.000000
0.000000
4.000000
11.000000
665.000000
244.000000
0.000000
4.000000
10.082763
665.000000
251.000000
9.462326
4.000000
7.000000
664.000000
257.000000
0.000000
4.000000
6.000000
664.000000
260.000000
0.000000
4.000000
6.000000
664.000000
262.000000
0.000000
4.000000
5.000000
664.000000
264.000000
0.000000
4.000000
5.000000
664.000000
265.000000
0.000000
4.000000
5.000000
664.000000
266.000000
0.000000
4.000000
7.000000
664.000000
267.000000
180.000000
4.000000
10.000000
664.000000
264.000000
180.000000
4.000000
19.000000
664.000000
258.000000
180.000000
4.000000
13.000000
664.000000
243.000000
180.000000
4.000000
11.000000
664.000000
234.000000
180.000000
4.000000
6.999985
664.000000
227.000000
180.000000
4.000000
7.000031
664.000000
224.000015
180.000000
4.000000
8.123091
664.000000
220.999985
165.963715
4.000000
7.162278
663.000000
217.000000
161.565048
4.000000
6.236068
662.000000
214.000000
153.434952
4.000000
7.000000
661.000000
212.000000
180.000000
4.000000
6.000000
661.000000
209.000000
180.000000
4.000000
5.414214
661.000000
207.000000
135.000000
4.000000
5.414225
660.000000
206.000000
135.000443
4.000000
7.162273
659.000000
204.999985
108.434685
4.000000
10.000000
656.000000
204.000000
90.000000
4.000000
10.082760
650.000000
204.000000
80.537819
4.000000
10.324560
644.000000
204.999985
71.564919
4.000000
7.605551
638.000000
207.000000
56.309933
4.000000
7.605551
635.000000
209.000000
56.309933
4.000000
6.828416
632.000000
211.000000
45.000217
4.000000
8.242662
630.000000
212.999985
44.999710
4.000000
6.828416
627.000000
216.000015
45.000217
4.000000
8.472136
625.000000
218.000000
26.565048
4.000000
7.605551
623.000000
222.000000
33.690067
4.000000
8.123120
621.000000
225.000000
14.036194
4.000000
7.999985
620.000000
229.000015
0.000000
4.000000
8.472136
620.000000
233.000000
26.565048
4.000000
8.000000
618.000000
237.000000
0.000000
4.000000
7.000000
618.000000
241.000000
0.000000
4.000000
8.000000
618.000000
244.000000
0.000000
4.000000
5.414214
618.000000
248.000000
315.000000
4.000000
7.605551
619.000000
249.000000
326.309937
4.000000
7.605551
621.000000
252.000000
326.309937
4.000000
6.828427
623.000000
255.000000
315.000000
4.000000
6.236068
625.000000
257.000000
333.434937
4.000000
6.236068
626.000000
259.000000
296.565063
4.000000
5.414214
628.000000
260.000000
315.000000
4.000000
6.828427
629.000000
261.000000
315.000000
4.000000
7.605551
631.000000
263.000000
303.690063
4.000000
5.414214
634.000000
265.000000
315.000000
4.000000
5.000000
635.000000
266.000000
270.000000
4.000000
7.162278
636.000000
266.000000
288.434937
4.000000
5.000000
639.000000
267.000000
270.000000
4.000000
6.000000
640.000000
267.000000
270.000000
4.000000
5.000000
642.000000
267.000000
270.000000
4.000000
5.000000
643.000000
267.000000
270.000000
4.000000
6.000000
644.000000
267.000000
270.000000
4.000000
7.000000
646.000000
267.000000
270.000000
4.000000
6.828427
649.000000
267.000000
225.000000
4.000000
6.236068
651.000000
265.000000
243.434952
4.000000
7.605551
653.000000
264.000000
236.309937
4.000000
5.414214
656.000000
262.000000
225.000000
4.000000
6.236068
657.000000
261.000000
206.565048
4.000000
6.236068
658.000000
259.000000
206.565048
4.000000
9.000000
659.000000
257.000000
216.869904
4.000000
7.162278
662.000000
253.000000
198.434952
4.000000
6.000000
663.000000
250.000000
180.000000
4.000000
6.236068
663.000000
248.000000
206.565048
4.000000
5.000000
664.000000
246.000000
180.000000
4.000000
5.000000
664.000000
245.000000
180.000000
