4.000000
6.000015
620.000000
182.000000
0.000000
4.000000
10.082747
620.000000
184.000015
350.537659
4.000000
19.132730
621.000000
190.000000
352.405334
4.000000
21.000015
623.000000
204.999985
0.000000
4.000000
17.000000
623.000000
222.000000
0.000000
4.000000
10.082763
623.000000
235.000000
9.462326
4.000000
11.071068
622.000000
241.000000
8.130104
4.000000
10.082763
621.000000
248.000000
9.462326
4.000000
11.280109
620.000000
254.000000
15.945396
4.000000
8.000000
618.000000
261.000000
0.000000
4.000000
5.000000
618.000000
265.000000
0.000000
4.000000
5.000000
618.000000
266.000000
0.000000
4.000000
7.162278
618.000000
267.000000
288.434937
4.000000
7.162278
621.000000
268.000000
288.434937
4.000000
7.000000
624.000000
269.000000
270.000000
4.000000
11.615773
627.000000
269.000000
293.198608
4.000000
7.162278
634.000000
272.000000
288.434937
4.000000
7.000000
637.000000
273.000000
270.000000
4.000000
5.000000
640.000000
273.000000
270.000000
4.000000
7.000000
641.000000
273.000000
270.000000
4.000000
12.062258
644.000000
273.000000
240.255127
4.000000
7.000000
651.000000
269.000000
270.000000
4.000000
6.828427
654.000000
269.000000
225.000000
4.000000
7.162278
656.000000
267.000000
251.565048
4.000000
6.000000
659.000000
266.000000
270.000000
4.000000
7.000000
661.000000
266.000000
270.000000
4.000000
5.000000
664.000000
266.000000
270.000000
4.000000
5.000000
627.000000
227.000000
0.000000
4.000000
7.162282
627.000000
228.000000
288.435211
4.000000
12.062256
630.000000
229.000015
277.124908
4.000000
8.000000
638.000000
230.000000
270.000000
4.000000
7.162278
642.000000
230.000000
288.434937
4.000000
9.099020
645.000000
231.000000
281.309937
4.000000
8.000000
650.000000
232.000000
270.000000
4.000000
8.000000
654.000000
232.000000
270.000000
4.000000
7.000000
658.000000
232.000000
270.000000
4.000000
5.000000
661.000000
232.000000
270.000000
4.000000
6.000000
662.000000
232.000000
270.000000
4.000000
8.000000
623.000000
188.999985
270.000000
4.000000
6.000000
627.000000
188.999985
270.000000
4.000000
9.000000
629.000000
188.999985
270.000000
4.000000
8.000000
634.000000
188.999985
270.000000
4.000000
9.000000
638.000000
188.999985
270.000000
4.000000
11.000000
643.000000
188.999985
270.000000
4.000000
11.000000
650.000000
188.999985
270.000000
4.000000
12.000000
657.000000
188.999985
270.000000
4.000000
6.000000
665.000000
188.999985
270.000000
4.000000
5.000000
667.000000
188.999985
270.000000
