4.000000
5.000000
669.000000
254.000000
90.000000
4.000000
5.000000
668.000000
254.000000
0.000000
4.000000
5.000000
668.000000
255.000000
0.000000
4.000000
5.000000
668.000000
256.000000
0.000000
4.000000
5.000000
668.000000
257.000000
0.000000
4.000000
5.000000
668.000000
258.000000
90.000000
4.000000
5.000000
667.000000
258.000000
0.000000
4.000000
5.000000
667.000000
259.000000
0.000000
4.000000
5.000000
667.000000
260.000000
0.000000
4.000000
5.000000
667.000000
261.000000
90.000000
4.000000
5.000000
666.000000
261.000000
90.000000
4.000000
5.000000
665.000000
261.000000
90.000000
4.000000
5.000000
664.000000
261.000000
90.000000
4.000000
5.000000
663.000000
261.000000
90.000000
4.000000
5.000000
662.000000
261.000000
90.000000
4.000000
5.000000
661.000000
261.000000
90.000000
4.000000
5.000000
660.000000
261.000000
90.000000
4.000000
6.000000
659.000000
261.000000
90.000000
4.000000
5.000000
657.000000
261.000000
90.000000
4.000000
5.000000
656.000000
261.000000
90.000000
4.000000
5.000000
655.000000
261.000000
90.000000
4.000000
5.000000
654.000000
261.000000
90.000000
4.000000
5.000000
653.000000
261.000000
90.000000
4.000000
5.000000
652.000000
261.000000
90.000000
4.000000
5.000000
651.000000
261.000000
90.000000
4.000000
5.000000
650.000000
261.000000
90.000000
4.000000
5.000000
649.000000
261.000000
90.000000
4.000000
5.414214
648.000000
261.000000
135.000000
4.000000
6.000000
647.000000
260.000000
90.000000
4.000000
5.000000
645.000000
260.000000
90.000000
4.000000
5.000000
644.000000
260.000000
90.000000
4.000000
5.000000
643.000000
260.000000
90.000000
4.000000
5.000000
642.000000
260.000000
90.000000
4.000000
6.000000
641.000000
260.000000
90.000000
4.000000
6.000000
639.000000
260.000000
180.000000
4.000000
5.000000
639.000000
258.000000
90.000000
4.000000
5.000000
638.000000
258.000000
180.000000
4.000000
5.000000
638.000000
257.000000
90.000000
4.000000
5.000000
637.000000
257.000000
180.000000
4.000000
5.000000
637.000000
256.000000
90.000000
4.000000
5.000000
636.000000
256.000000
180.000000
4.000000
5.000000
636.000000
255.000000
90.000000
4.000000
5.000000
635.000000
255.000000
180.000000
4.000000
5.000000
635.000000
254.000000
180.000000
4.000000
5.000000
635.000000
253.000000
90.000000
4.000000
5.414214
634.000000
253.000000
135.000000
4.000000
5.000000
633.000000
252.000000
180.000000
4.000000
5.000000
633.000000
251.000000
180.000000
4.000000
5.000000
633.000000
250.000000
90.000000
4.000000
5.000000
632.000000
250.000000
180.000000
4.000000
5.000000
632.000000
249.000000
90.000000
4.000000
5.000000
631.000000
249.000000
180.000000
4.000000
5.000000
631.000000
248.000000
180.000000
4.000000
5.000000
631.000000
247.000000
180.000000
4.000000
5.414214
631.000000
246.000000
135.000000
4.000000
5.000000
630.000000
245.000000
180.000000
4.000000
5.414214
630.000000
244.000000
135.000000
4.000000
5.000000
629.000000
243.000000
180.000000
4.000000
5.000000
629.000000
242.000000
180.000000
4.000000
5.000000
629.000000
241.000000
90.000000
4.000000
5.000000
628.000000
241.000000
180.000000
4.000000
5.000000
628.000000
240.000000
180.000000
4.000000
5.000000
628.000000
239.000000
180.000000
4.000000
5.000000
628.000000
238.000000
180.000000
4.000000
5.000000
628.000000
237.000000
180.000000
4.000000
5.000000
628.000000
236.000000
180.000000
4.000000
5.000000
628.000000
235.000000
180.000000
4.000000
5.000000
628.000000
234.000000
180.000000
4.000000
5.000000
628.000000
233.000000
180.000000
4.000000
5.000000
628.000000
232.000000
180.000000
4.000000
5.000000
628.000000
231.000000
180.000000
4.000000
4.999985
628.000000
230.000000
180.000000
4.000000
5.000015
628.000000
229.000015
180.000000
4.000000
5.000000
628.000000
228.000000
180.000000
4.000000
5.000015
628.000000
227.000000
180.000000
4.000000
5.999969
628.000000
225.999985
180.000000
4.000000
5.000015
628.000000
224.000015
180.000000
4.000000
5.000000
628.000000
223.000000
180.000000
4.000000
5.000015
628.000000
222.000000
180.000000
4.000000
4.999985
628.000000
220.999985
180.000000
4.000000
5.000000
628.000000
220.000000
270.000000
4.000000
6.828427
629.000000
220.000000
225.000000
4.000000
10.708204
631.000000
218.000000
206.565048
4.000000
8.242640
634.000000
212.000000
225.000000
4.000000
7.605551
637.000000
209.000000
213.690063
4.000000
6.236068
639.000000
206.000000
206.565048
4.000000
7.605551
640.000000
204.000000
213.690063
4.000000
7.605551
642.000000
201.000000
213.690063
4.000000
5.000015
644.000000
198.000000
180.000000
4.000000
5.000000
644.000000
196.999985
270.000000
4.000000
6.828416
645.000000
196.999985
225.000214
4.000000
7.162278
647.000000
195.000000
251.565048
4.000000
6.236068
650.000000
194.000000
243.434952
4.000000
8.123102
652.000000
193.000000
255.963959
4.000000
7.162282
656.000000
192.000015
251.564789
4.000000
6.236068
659.000000
191.000000
243.434952
4.000000
6.000000
661.000000
190.000000
270.000000
4.000000
6.828427
663.000000
190.000000
225.000000
4.000000
6.000000
665.000000
188.000000
270.000000
4.000000
5.000000
667.000000
188.000000
270.000000
4.000000
5.000000
668.000000
188.000000
270.000000
4.000000
6.000000
669.000000
188.000000
270.000000
4.000000
6.000000
671.000000
188.000000
270.000000
4.000000
5.414203
673.000000
188.000000
314.999573
4.000000
5.414225
674.000000
188.999985
315.000427
4.000000
7.162278
675.000000
190.000000
288.434937
4.000000
6.236068
678.000000
191.000000
333.434937
4.000000
5.414214
679.000000
193.000000
315.000000
4.000000
6.236068
680.000000
194.000000
333.434937
4.000000
6.236068
681.000000
196.000000
333.434937
4.000000
6.236082
682.000000
198.000000
333.435120
4.000000
6.999985
683.000000
200.000015
0.000000
4.000000
8.000000
683.000000
203.000000
0.000000
4.000000
12.544003
683.000000
207.000000
20.556046
4.000000
10.324541
680.000000
215.000000
18.434990
4.000000
7.162307
678.000000
220.999985
18.434776
4.000000
7.605538
677.000000
224.000015
33.690201
4.000000
8.472136
675.000000
227.000000
26.565048
4.000000
6.236068
673.000000
231.000000
26.565048
4.000000
5.414214
672.000000
233.000000
45.000000
4.000000
8.472136
671.000000
234.000000
63.434952
4.000000
8.123106
667.000000
236.000000
75.963760
4.000000
10.082763
663.000000
237.000000
80.537674
4.000000
8.123106
657.000000
238.000000
75.963760
4.000000
10.082763
653.000000
239.000000
80.537674
4.000000
9.099020
647.000000
240.000000
78.690063
4.000000
7.000000
642.000000
241.000000
90.000000
4.000000
7.000000
639.000000
241.000000
90.000000
4.000000
7.000000
636.000000
241.000000
90.000000
4.000000
6.000000
633.000000
241.000000
90.000000
4.000000
6.000000
631.000000
241.000000
90.000000
4.000000
7.000000
629.000000
241.000000
90.000000
4.000000
6.000000
626.000000
241.000000
90.000000
4.000000
5.000000
624.000000
241.000000
90.000000
4.000000
8.472136
623.000000
241.000000
116.565048
4.000000
5.000000
619.000000
239.000000
90.000000
4.000000
5.000000
618.000000
239.000000
90.000000
4.000000
6.236068
617.000000
239.000000
153.434952
4.000000
5.414214
616.000000
237.000000
135.000000
4.000000
5.000000
615.000000
236.000000
90.000000
4.000000
5.000000
614.000000
236.000000
90.000000
4.000000
5.000000
613.000000
236.000000
180.000000
4.000000
5.000000
613.000000
235.000000
180.000000
4.000000
5.000000
613.000000
234.000000
180.000000
4.000000
5.000000
613.000000
233.000000
180.000000
4.000000
5.000000
613.000000
232.000000
180.000000
4.000000
5.000000
613.000000
231.000000
180.000000
4.000000
4.999985
613.000000
230.000000
180.000000
4.000000
4.999985
613.000000
229.000015
0.000000
