4.000000
5.000000
620.000000
240.000000
270.000000
4.000000
5.000000
621.000000
240.000000
270.000000
4.000000
6.000000
622.000000
240.000000
270.000000
4.000000
5.000000
624.000000
240.000000
270.000000
4.000000
8.000000
625.000000
240.000000
270.000000
4.000000
6.000000
629.000000
240.000000
270.000000
4.000000
7.000000
631.000000
240.000000
270.000000
4.000000
6.000000
634.000000
240.000000
270.000000
4.000000
9.000000
636.000000
240.000000
270.000000
4.000000
8.000000
641.000000
240.000000
270.000000
4.000000
11.000000
645.000000
240.000000
270.000000
4.000000
9.000000
652.000000
240.000000
270.000000
4.000000
16.041595
657.000000
240.000000
265.236359
4.000000
9.000000
669.000000
239.000000
270.000000
4.000000
5.000000
674.000000
239.000000
270.000000
4.000000
5.000015
609.000000
207.000000
0.000000
4.000000
6.236061
609.000000
208.000015
296.564697
4.000000
6.000000
611.000000
209.000000
270.000000
4.000000
8.123106
613.000000
209.000000
284.036255
4.000000
11.071068
617.000000
210.000000
278.130096
4.000000
16.000000
624.000000
211.000000
270.000000
4.000000
19.000000
636.000000
211.000000
270.000000
4.000000
9.000000
651.000000
211.000000
270.000000
4.000000
9.000000
656.000000
211.000000
270.000000
4.000000
7.000000
661.000000
211.000000
270.000000
4.000000
6.000000
664.000000
211.000000
270.000000
4.000000
5.000000
666.000000
211.000000
270.000000
4.000000
6.000000
667.000000
211.000000
270.000000
4.000000
5.000000
669.000000
211.000000
270.000000
4.000000
5.000000
670.000000
211.000000
270.000000
4.000000
5.000000
671.000000
211.000000
270.000000
