4.000000
6.999985
629.000000
186.000000
0.000000
4.000000
19.033312
629.000000
188.999985
3.814072
4.000000
23.026299
628.000000
204.000000
3.012787
4.000000
20.124516
627.000000
223.000000
7.125015
4.000000
10.000000
625.000000
239.000000
0.000000
4.000000
11.000000
625.000000
245.000000
0.000000
4.000000
14.049875
625.000000
252.000000
5.710594
4.000000
10.000000
624.000000
262.000000
0.000000
4.000000
9.000000
624.000000
268.000000
0.000000
4.000000
7.162278
624.000000
273.000000
18.434952
4.000000
5.000000
623.000000
276.000000
180.000000
4.000000
52.662102
623.000000
275.000000
189.462326
4.000000
15.045362
631.000000
227.000000
264.805481
4.000000
8.123102
642.000000
225.999985
255.963959
4.000000
11.000000
646.000000
225.000000
270.000000
4.000000
5.414203
653.000000
225.000000
225.000427
4.000000
5.000000
654.000000
224.000015
270.000000
4.000000
8.000000
655.000000
224.000015
270.000000
4.000000
5.000000
659.000000
224.000015
270.000000
4.000000
5.000000
660.000000
224.000015
270.000000
4.000000
7.000000
661.000000
224.000015
270.000000
4.000000
6.236068
627.000000
185.000000
296.565063
4.000000
13.000000
629.000000
186.000000
270.000000
4.000000
11.000000
638.000000
186.000000
270.000000
4.000000
11.000000
645.000000
186.000000
270.000000
4.000000
12.000000
652.000000
186.000000
270.000000
4.000000
8.123106
660.000000
186.000000
255.963760
