4.000000
5.000000
629.000000
265.000000
90.000000
4.000000
5.000000
628.000000
265.000000
180.000000
4.000000
5.000000
628.000000
264.000000
180.000000
4.000000
5.000000
628.000000
263.000000
180.000000
4.000000
6.000000
628.000000
262.000000
180.000000
4.000000
6.236068
628.000000
260.000000
153.434952
4.000000
5.000000
627.000000
258.000000
180.000000
4.000000
6.000000
627.000000
257.000000
180.000000
4.000000
5.414214
627.000000
255.000000
135.000000
4.000000
10.000000
626.000000
254.000000
180.000000
4.000000
8.000000
626.000000
248.000000
180.000000
4.000000
9.000000
626.000000
244.000000
180.000000
4.000000
8.000000
626.000000
239.000000
180.000000
4.000000
8.000000
626.000000
235.000000
180.000000
4.000000
7.000000
626.000000
231.000000
180.000000
4.000000
7.999985
626.000000
228.000000
180.000000
4.000000
8.000015
626.000000
224.000015
180.000000
4.000000
7.999985
626.000000
220.000000
180.000000
4.000000
9.000015
626.000000
216.000015
180.000000
4.000000
8.000000
626.000000
211.000000
180.000000
4.000000
8.123106
626.000000
207.000000
194.036240
4.000000
6.000000
627.000000
203.000000
180.000000
4.000000
7.605551
627.000000
201.000000
213.690063
4.000000
8.123106
629.000000
198.000000
194.036240
4.000000
7.605551
630.000000
194.000000
213.690063
4.000000
5.414214
632.000000
191.000000
225.000000
4.000000
9.000000
633.000000
190.000000
216.869904
4.000000
9.385180
636.000000
186.000000
201.801346
4.000000
6.828427
638.000000
180.999985
225.000000
4.000000
6.236054
640.000000
178.999985
206.565231
4.000000
8.242640
641.000000
177.000000
225.000000
4.000000
6.828427
644.000000
174.000000
225.000000
4.000000
6.236061
646.000000
172.000000
243.435303
4.000000
5.414225
648.000000
171.000015
224.999557
4.000000
5.414214
649.000000
170.000000
225.000000
4.000000
5.000000
650.000000
169.000000
270.000000
4.000000
4.999985
651.000000
169.000000
180.000000
4.000000
5.000000
651.000000
168.000015
270.000000
4.000000
5.000000
652.000000
168.000015
270.000000
4.000000
4.999985
653.000000
168.000015
0.000000
4.000000
6.236082
653.000000
169.000000
333.435120
4.000000
5.414203
654.000000
171.000015
314.999573
4.000000
5.414214
655.000000
172.000000
315.000000
4.000000
6.000000
656.000000
173.000000
0.000000
4.000000
4.999985
656.000000
175.000000
0.000000
4.000000
6.236082
656.000000
175.999985
333.435120
4.000000
4.999985
657.000000
178.000000
0.000000
4.000000
6.236068
657.000000
178.999985
333.434937
4.000000
5.000015
658.000000
180.999985
0.000000
4.000000
5.000000
658.000000
182.000000
0.000000
4.000000
5.000015
658.000000
183.000000
0.000000
4.000000
5.999985
658.000000
184.000015
0.000000
4.000000
5.000000
658.000000
186.000000
0.000000
4.000000
5.000000
658.000000
187.000000
0.000000
4.000000
4.999985
658.000000
188.000000
0.000000
4.000000
5.000015
658.000000
188.999985
0.000000
4.000000
5.000000
658.000000
190.000000
0.000000
4.000000
5.000015
658.000000
191.000000
0.000000
4.000000
5.000000
658.000000
192.000015
90.000000
4.000000
5.000000
610.000000
218.000000
0.000000
4.000000
5.000000
610.000000
219.000000
0.000000
4.000000
5.000000
610.000000
220.000000
270.000000
4.000000
5.000000
611.000000
220.000000
270.000000
4.000000
9.000000
612.000000
220.000000
270.000000
4.000000
11.280109
617.000000
220.000000
285.945404
4.000000
7.000000
624.000000
222.000000
270.000000
4.000000
8.000000
627.000000
222.000000
270.000000
4.000000
5.000000
631.000000
222.000000
270.000000
4.000000
5.000000
632.000000
222.000000
270.000000
4.000000
6.000000
633.000000
222.000000
270.000000
4.000000
5.000000
635.000000
222.000000
270.000000
