4.000000
5.000000
654.000000
188.999985
90.000000
4.000000
5.000000
653.000000
188.999985
90.000000
4.000000
6.000000
652.000000
188.999985
90.000000
4.000000
5.000000
650.000000
188.999985
90.000000
4.000000
5.000000
649.000000
188.999985
90.000000
4.000000
6.000000
648.000000
188.999985
90.000000
4.000000
6.000000
646.000000
188.999985
90.000000
4.000000
7.162282
644.000000
188.999985
71.564789
4.000000
8.123106
641.000000
190.000000
75.963760
4.000000
6.000000
637.000000
191.000000
90.000000
4.000000
8.472136
635.000000
191.000000
63.434952
4.000000
6.236068
631.000000
193.000000
63.434952
4.000000
7.605551
629.000000
194.000000
56.309933
4.000000
5.414203
626.000000
196.000000
45.000435
4.000000
11.071079
625.000000
196.999985
44.999908
4.000000
5.414214
620.000000
202.000000
45.000000
4.000000
7.162278
619.000000
203.000000
18.434952
4.000000
8.123106
618.000000
206.000000
14.036240
4.000000
6.999985
617.000000
210.000000
0.000000
4.000000
8.472149
617.000000
212.999985
26.564968
4.000000
7.000000
615.000000
217.000000
0.000000
4.000000
10.082747
615.000000
220.000000
9.462341
4.000000
9.099034
614.000000
225.999985
11.309898
4.000000
8.000000
613.000000
231.000000
0.000000
4.000000
8.000000
613.000000
235.000000
0.000000
4.000000
7.000000
613.000000
239.000000
0.000000
4.000000
8.000000
613.000000
242.000000
0.000000
4.000000
7.000000
613.000000
246.000000
0.000000
4.000000
9.000000
613.000000
249.000000
0.000000
4.000000
6.000000
613.000000
254.000000
0.000000
4.000000
6.000000
613.000000
256.000000
0.000000
4.000000
11.615773
613.000000
258.000000
336.801392
4.000000
5.000000
616.000000
265.000000
0.000000
4.000000
6.236068
616.000000
266.000000
333.434937
4.000000
6.236068
617.000000
268.000000
333.434937
4.000000
5.000000
618.000000
270.000000
270.000000
4.000000
5.000000
619.000000
270.000000
0.000000
4.000000
5.414214
619.000000
271.000000
315.000000
4.000000
6.236068
620.000000
272.000000
296.565063
4.000000
5.414214
622.000000
273.000000
315.000000
4.000000
6.000000
623.000000
274.000000
270.000000
4.000000
7.000000
625.000000
274.000000
270.000000
4.000000
7.000000
628.000000
274.000000
270.000000
4.000000
6.000000
631.000000
274.000000
270.000000
4.000000
13.000000
633.000000
274.000000
270.000000
4.000000
9.099020
642.000000
274.000000
258.690063
4.000000
7.605551
647.000000
273.000000
236.309937
4.000000
9.000000
650.000000
271.000000
233.130096
4.000000
9.000000
654.000000
268.000000
233.130096
4.000000
7.605551
658.000000
265.000000
236.309937
4.000000
7.605551
661.000000
263.000000
213.690063
4.000000
6.236068
663.000000
260.000000
243.434952
4.000000
5.000000
665.000000
259.000000
180.000000
4.000000
6.000000
665.000000
258.000000
180.000000
4.000000
5.000000
665.000000
256.000000
180.000000
4.000000
5.000000
665.000000
255.000000
180.000000
4.000000
5.000000
665.000000
254.000000
180.000000
4.000000
5.000000
665.000000
253.000000
180.000000
4.000000
6.000000
665.000000
252.000000
180.000000
4.000000
6.000000
665.000000
250.000000
180.000000
4.000000
5.000000
665.000000
248.000000
180.000000
4.000000
5.000000
665.000000
247.000000
180.000000
4.000000
6.000000
665.000000
246.000000
180.000000
4.000000
5.000000
665.000000
244.000000
180.000000
4.000000
6.236068
665.000000
243.000000
153.434952
4.000000
5.414214
664.000000
241.000000
135.000000
4.000000
6.000000
663.000000
240.000000
90.000000
4.000000
5.000000
661.000000
240.000000
90.000000
4.000000
5.000000
660.000000
240.000000
90.000000
4.000000
5.000000
659.000000
240.000000
90.000000
4.000000
5.000000
658.000000
240.000000
90.000000
4.000000
5.000000
657.000000
240.000000
270.000000
4.000000
6.000000
658.000000
240.000000
270.000000
4.000000
7.000000
660.000000
240.000000
270.000000
4.000000
12.000000
663.000000
240.000000
270.000000
4.000000
7.000000
671.000000
240.000000
270.000000
4.000000
5.000000
674.000000
240.000000
270.000000
4.000000
5.000000
675.000000
240.000000
180.000000
4.000000
5.000000
675.000000
239.000000
270.000000
4.000000
5.000000
676.000000
239.000000
180.000000
4.000000
5.000000
676.000000
238.000000
180.000000
