4.000000
9.000000
661.000000
223.000000
180.000000
4.000000
11.000000
661.000000
218.000000
180.000000
4.000000
9.000000
661.000000
211.000000
180.000000
4.000000
7.605551
661.000000
206.000000
123.690063
4.000000
8.000000
658.000000
204.000000
90.000000
4.000000
10.082763
654.000000
204.000000
99.462326
4.000000
15.000000
648.000000
203.000000
90.000000
4.000000
14.198036
637.000000
203.000000
78.690155
4.000000
6.000000
627.000000
204.999985
90.000000
4.000000
6.236082
625.000000
204.999985
26.564877
4.000000
8.472136
624.000000
207.000000
26.565048
4.000000
13.055386
622.000000
211.000000
6.340187
4.000000
16.165525
621.000000
220.000000
9.462326
4.000000
8.000000
619.000000
232.000000
0.000000
4.000000
8.000000
619.000000
236.000000
0.000000
4.000000
7.000000
619.000000
240.000000
0.000000
4.000000
9.000000
619.000000
243.000000
0.000000
4.000000
8.000000
619.000000
248.000000
0.000000
4.000000
7.605551
619.000000
252.000000
326.309937
4.000000
7.162278
621.000000
255.000000
288.434937
4.000000
8.242640
624.000000
256.000000
315.000000
4.000000
7.000000
627.000000
259.000000
270.000000
4.000000
8.000000
630.000000
259.000000
270.000000
4.000000
9.000000
634.000000
259.000000
270.000000
4.000000
9.385164
639.000000
259.000000
248.198593
4.000000
9.000000
644.000000
257.000000
233.130096
4.000000
9.000000
648.000000
254.000000
233.130096
4.000000
9.000000
652.000000
251.000000
216.869904
4.000000
9.385164
655.000000
247.000000
201.801407
4.000000
10.708204
657.000000
242.000000
206.565048
4.000000
7.000000
660.000000
236.000000
180.000000
4.000000
6.000000
660.000000
233.000000
180.000000
4.000000
7.000000
660.000000
231.000000
180.000000
4.000000
9.000000
660.000000
228.000000
180.000000
4.000000
7.000000
660.000000
223.000000
180.000000
4.000000
5.000000
660.000000
220.000000
180.000000
4.000000
6.000000
660.000000
219.000000
180.000000
4.000000
6.000000
660.000000
217.000000
180.000000
4.000000
6.000015
660.000000
215.000000
180.000000
4.000000
7.999985
660.000000
212.999985
180.000000
4.000000
6.236068
660.000000
209.000000
153.434952
4.000000
5.000015
659.000000
207.000000
0.000000
4.000000
7.999985
659.000000
208.000015
0.000000
4.000000
9.000000
659.000000
212.000000
0.000000
4.000000
15.000000
659.000000
217.000000
0.000000
4.000000
14.000000
659.000000
228.000000
0.000000
4.000000
20.000000
659.000000
238.000000
0.000000
4.000000
23.416489
659.000000
254.000000
11.888657
4.000000
11.071068
655.000000
273.000000
8.130104
4.000000
11.280109
654.000000
280.000000
15.945396
4.000000
8.123106
652.000000
287.000000
14.036240
4.000000
6.000000
651.000000
291.000000
90.000000
4.000000
8.472136
649.000000
291.000000
63.434952
4.000000
16.000000
645.000000
293.000000
90.000000
4.000000
12.246211
633.000000
293.000000
104.036240
4.000000
9.000000
625.000000
291.000000
126.869896
4.000000
5.414214
621.000000
288.000000
135.000000
4.000000
6.000000
620.000000
287.000000
180.000000
