4.000000
9.385164
604.000000
188.000000
338.198608
4.000000
7.162278
606.000000
193.000000
341.565063
4.000000
10.708204
607.000000
196.000000
333.434937
4.000000
13.486833
610.000000
202.000000
341.565063
4.000000
8.123106
613.000000
211.000000
345.963745
4.000000
11.280109
614.000000
215.000000
344.054596
4.000000
12.944272
616.000000
222.000000
333.434937
4.000000
11.280109
620.000000
230.000000
344.054596
4.000000
9.099020
622.000000
237.000000
348.690063
4.000000
11.615773
623.000000
242.000000
336.801392
4.000000
10.082763
626.000000
249.000000
350.537659
4.000000
11.615773
627.000000
255.000000
336.801392
4.000000
7.000000
630.000000
262.000000
0.000000
4.000000
7.162278
630.000000
265.000000
341.565063
4.000000
6.000000
631.000000
268.000000
0.000000
4.000000
6.000000
631.000000
270.000000
0.000000
4.000000
7.000000
631.000000
272.000000
0.000000
4.000000
7.000000
631.000000
275.000000
0.000000
4.000000
5.000000
631.000000
278.000000
0.000000
4.000000
6.000000
631.000000
279.000000
0.000000
4.000000
6.000000
631.000000
281.000000
0.000000
4.000000
5.000000
631.000000
283.000000
0.000000
4.000000
5.000000
630.000000
238.000000
180.000000
4.000000
8.123106
630.000000
237.000000
255.963760
4.000000
11.000000
634.000000
236.000000
270.000000
4.000000
9.000000
641.000000
236.000000
270.000000
4.000000
8.123106
646.000000
236.000000
255.963760
4.000000
7.000000
650.000000
235.000000
270.000000
4.000000
8.123106
653.000000
235.000000
255.963760
4.000000
7.000000
657.000000
234.000000
270.000000
4.000000
5.000000
660.000000
234.000000
270.000000
4.000000
7.000000
661.000000
234.000000
270.000000
4.000000
7.000000
664.000000
234.000000
270.000000
4.000000
7.162278
667.000000
234.000000
251.565048
4.000000
7.162278
670.000000
233.000000
251.565048
4.000000
8.123106
673.000000
232.000000
255.963760
4.000000
8.000000
677.000000
231.000000
270.000000
4.000000
5.414214
681.000000
231.000000
225.000000
4.000000
6.000000
682.000000
230.000000
270.000000
4.000000
5.414203
684.000000
230.000000
225.000427
4.000000
6.000000
677.000000
186.000000
0.000000
4.000000
6.000000
677.000000
188.000000
0.000000
4.000000
7.000000
677.000000
190.000000
0.000000
4.000000
9.000000
677.000000
193.000000
0.000000
4.000000
10.999985
677.000000
198.000000
0.000000
4.000000
11.000015
677.000000
204.999985
0.000000
4.000000
12.000000
677.000000
212.000000
0.000000
4.000000
14.000000
677.000000
220.000000
0.000000
4.000000
9.000000
677.000000
230.000000
0.000000
4.000000
8.000000
677.000000
235.000000
0.000000
4.000000
11.000000
677.000000
239.000000
0.000000
4.000000
7.000000
677.000000
246.000000
0.000000
4.000000
8.000000
677.000000
249.000000
0.000000
4.000000
8.000000
677.000000
253.000000
0.000000
4.000000
6.000000
677.000000
257.000000
0.000000
4.000000
8.000000
677.000000
259.000000
0.000000
4.000000
6.000000
677.000000
263.000000
0.000000
4.000000
6.000000
677.000000
265.000000
0.000000
4.000000
5.000000
677.000000
267.000000
0.000000
4.000000
5.000000
677.000000
268.000000
0.000000
