4.000000
7.162263
620.000000
173.000000
341.564972
4.000000
11.000015
621.000000
175.999985
0.000000
4.000000
21.029402
621.000000
183.000000
3.366455
4.000000
21.029371
620.000000
200.000015
3.366463
4.000000
16.041611
619.000000
217.000000
4.763641
4.000000
9.999985
618.000000
229.000015
0.000000
4.000000
13.000000
618.000000
235.000000
0.000000
4.000000
20.000000
618.000000
244.000000
0.000000
4.000000
12.000000
618.000000
260.000000
0.000000
4.000000
6.000000
618.000000
268.000000
0.000000
4.000000
5.000000
618.000000
270.000000
0.000000
4.000000
8.000000
618.000000
271.000000
180.000000
4.000000
8.000000
618.000000
267.000000
180.000000
4.000000
11.000000
618.000000
263.000000
180.000000
4.000000
12.062258
618.000000
256.000000
187.125015
4.000000
12.944272
619.000000
248.000000
206.565048
4.000000
10.708204
623.000000
240.000000
206.565048
4.000000
8.242640
626.000000
234.000000
225.000000
4.000000
13.433981
629.000000
231.000000
212.005386
4.000000
9.000000
634.000000
223.000000
233.130096
4.000000
8.242640
638.000000
220.000000
225.000000
4.000000
6.236061
641.000000
217.000000
243.435303
4.000000
7.000000
643.000000
216.000015
270.000000
4.000000
8.472143
646.000000
216.000015
243.434769
4.000000
7.000000
650.000000
214.000000
270.000000
4.000000
9.385170
653.000000
214.000000
291.801575
4.000000
10.708191
658.000000
216.000015
333.434875
4.000000
16.649111
661.000000
222.000000
341.565063
4.000000
13.219544
665.000000
234.000000
347.471191
4.000000
12.000000
667.000000
243.000000
0.000000
4.000000
12.000000
667.000000
251.000000
0.000000
4.000000
7.000000
667.000000
259.000000
0.000000
4.000000
5.000000
667.000000
262.000000
0.000000
4.000000
7.000000
667.000000
263.000000
0.000000
4.000000
7.000000
667.000000
266.000000
0.000000
4.000000
5.000000
667.000000
269.000000
0.000000
