4.000000
5.000000
622.000000
185.000000
270.000000
4.000000
5.000000
623.000000
185.000000
270.000000
4.000000
6.236068
624.000000
185.000000
296.565063
4.000000
7.000000
626.000000
186.000000
270.000000
4.000000
5.000000
629.000000
186.000000
270.000000
4.000000
7.000000
630.000000
186.000000
270.000000
4.000000
6.000000
633.000000
186.000000
270.000000
4.000000
7.162278
635.000000
186.000000
288.434937
4.000000
5.000000
638.000000
187.000000
270.000000
4.000000
5.000000
639.000000
187.000000
270.000000
4.000000
6.000000
640.000000
187.000000
270.000000
4.000000
5.000000
642.000000
187.000000
270.000000
4.000000
6.236068
643.000000
187.000000
296.565063
4.000000
4.999985
645.000000
188.000000
0.000000
4.000000
5.000000
645.000000
188.999985
270.000000
4.000000
5.000000
646.000000
188.999985
270.000000
4.000000
5.000000
647.000000
188.999985
270.000000
4.000000
6.000000
648.000000
188.999985
270.000000
4.000000
6.236074
650.000000
188.999985
296.565399
4.000000
7.000000
652.000000
190.000000
270.000000
4.000000
5.000000
655.000000
190.000000
270.000000
4.000000
5.000000
656.000000
190.000000
0.000000
4.000000
5.000000
656.000000
191.000000
270.000000
4.000000
5.000000
657.000000
191.000000
270.000000
4.000000
5.000000
658.000000
191.000000
270.000000
4.000000
5.000000
640.000000
185.000000
0.000000
4.000000
6.236068
640.000000
186.000000
26.565048
4.000000
6.000000
639.000000
188.000000
0.000000
4.000000
10.000000
639.000000
190.000000
0.000000
4.000000
9.099020
639.000000
196.000000
11.309929
4.000000
6.000000
638.000000
201.000000
0.000000
4.000000
5.999985
638.000000
203.000000
0.000000
4.000000
7.000031
638.000000
204.999985
0.000000
4.000000
6.999985
638.000000
208.000015
0.000000
4.000000
10.000000
638.000000
211.000000
0.000000
4.000000
11.000015
638.000000
217.000000
0.000000
4.000000
7.999985
638.000000
224.000015
0.000000
4.000000
10.082763
638.000000
228.000000
9.462326
4.000000
14.000000
637.000000
234.000000
0.000000
4.000000
11.000000
637.000000
244.000000
0.000000
4.000000
9.000000
637.000000
251.000000
0.000000
4.000000
8.000000
637.000000
256.000000
0.000000
4.000000
5.414214
637.000000
260.000000
45.000000
4.000000
6.000000
636.000000
261.000000
0.000000
4.000000
7.000000
636.000000
263.000000
0.000000
4.000000
5.000000
636.000000
266.000000
0.000000
4.000000
5.000000
636.000000
267.000000
0.000000
4.000000
5.000000
636.000000
268.000000
0.000000
4.000000
7.000000
622.000000
270.000000
270.000000
4.000000
12.000000
625.000000
270.000000
270.000000
4.000000
6.000000
633.000000
270.000000
270.000000
4.000000
7.000000
635.000000
270.000000
270.000000
4.000000
6.000000
638.000000
270.000000
270.000000
4.000000
7.000000
640.000000
270.000000
270.000000
4.000000
6.000000
643.000000
270.000000
270.000000
4.000000
5.000000
645.000000
270.000000
270.000000
4.000000
6.236068
646.000000
270.000000
243.434952
4.000000
5.414214
648.000000
269.000000
225.000000
4.000000
5.000000
649.000000
268.000000
270.000000
4.000000
5.000000
650.000000
268.000000
270.000000
4.000000
5.000000
651.000000
268.000000
270.000000
