4.000000
5.000000
639.000000
209.000000
0.000000
4.000000
5.000000
639.000000
210.000000
0.000000
4.000000
5.000000
639.000000
211.000000
0.000000
4.000000
10.000000
639.000000
212.000000
0.000000
4.000000
9.000000
639.000000
218.000000
0.000000
4.000000
9.000000
639.000000
223.000000
0.000000
4.000000
9.000000
639.000000
228.000000
0.000000
4.000000
7.000000
639.000000
233.000000
0.000000
4.000000
10.082763
639.000000
236.000000
9.462326
4.000000
9.000000
638.000000
242.000000
0.000000
4.000000
8.123106
638.000000
247.000000
14.036240
4.000000
5.000000
637.000000
251.000000
0.000000
4.000000
9.099020
637.000000
252.000000
11.309929
4.000000
6.000000
636.000000
257.000000
0.000000
4.000000
5.000000
636.000000
259.000000
0.000000
4.000000
6.236068
636.000000
260.000000
26.565048
4.000000
5.000000
635.000000
262.000000
0.000000
4.000000
5.000000
635.000000
263.000000
0.000000
4.000000
5.000000
635.000000
264.000000
0.000000
4.000000
5.000000
635.000000
265.000000
0.000000
4.000000
6.236068
635.000000
266.000000
26.565048
4.000000
5.000000
634.000000
268.000000
180.000000
4.000000
5.000000
634.000000
267.000000
180.000000
4.000000
5.000000
634.000000
266.000000
180.000000
4.000000
5.000000
634.000000
265.000000
180.000000
4.000000
5.000000
634.000000
264.000000
180.000000
4.000000
5.000000
634.000000
263.000000
180.000000
4.000000
5.000000
634.000000
262.000000
180.000000
4.000000
4.999985
644.000000
184.000015
0.000000
4.000000
6.236068
644.000000
185.000000
63.434952
4.000000
5.414214
642.000000
186.000000
45.000000
4.000000
9.000000
641.000000
187.000000
90.000000
4.000000
5.414214
636.000000
187.000000
45.000000
4.000000
5.414203
635.000000
188.000000
45.000435
4.000000
4.999985
634.000000
188.999985
180.000000
4.000000
5.000000
634.000000
188.000000
180.000000
4.000000
5.000000
634.000000
187.000000
180.000000
4.000000
5.999985
634.000000
186.000000
180.000000
4.000000
5.000015
634.000000
184.000015
180.000000
4.000000
5.000000
634.000000
183.000000
180.000000
4.000000
6.828427
634.000000
182.000000
225.000000
4.000000
6.236074
636.000000
180.000000
243.434601
4.000000
6.000000
638.000000
178.999985
270.000000
4.000000
5.414203
640.000000
178.999985
225.000427
4.000000
6.000000
641.000000
178.000000
270.000000
4.000000
6.236068
643.000000
178.000000
243.434952
4.000000
5.000000
645.000000
177.000000
0.000000
4.000000
4.999985
645.000000
178.000000
0.000000
4.000000
5.000015
645.000000
178.999985
0.000000
4.000000
4.999985
645.000000
180.000000
0.000000
4.000000
5.414225
645.000000
180.999985
44.999561
4.000000
6.828438
644.000000
182.000000
44.999779
4.000000
5.000000
642.000000
184.000015
90.000000
4.000000
5.414203
641.000000
184.000015
45.000435
4.000000
6.236068
640.000000
185.000000
26.565048
4.000000
5.000000
639.000000
187.000000
90.000000
4.000000
5.000000
638.000000
187.000000
90.000000
4.000000
5.000000
637.000000
187.000000
90.000000
