4.000000
6.000015
633.000000
188.999985
0.000000
4.000000
5.000015
633.000000
191.000000
0.000000
4.000000
5.999985
633.000000
192.000015
0.000000
4.000000
9.000000
633.000000
194.000000
0.000000
4.000000
15.045361
633.000000
199.000000
354.805573
4.000000
13.000000
634.000000
210.000000
0.000000
4.000000
12.000000
634.000000
219.000000
0.000000
4.000000
11.000000
634.000000
227.000000
0.000000
4.000000
8.000000
634.000000
234.000000
0.000000
4.000000
9.000000
634.000000
238.000000
0.000000
4.000000
8.000000
634.000000
243.000000
0.000000
4.000000
6.000000
634.000000
247.000000
0.000000
4.000000
9.000000
634.000000
249.000000
0.000000
4.000000
6.000000
634.000000
254.000000
0.000000
4.000000
5.000000
634.000000
256.000000
0.000000
4.000000
7.000000
634.000000
257.000000
0.000000
4.000000
6.000000
634.000000
260.000000
0.000000
4.000000
6.000000
634.000000
262.000000
0.000000
4.000000
7.162278
634.000000
264.000000
18.434952
4.000000
6.000000
633.000000
267.000000
0.000000
4.000000
5.414214
633.000000
269.000000
45.000000
4.000000
7.162278
632.000000
270.000000
18.434952
4.000000
6.236068
631.000000
273.000000
26.565048
4.000000
7.605551
630.000000
275.000000
33.690067
4.000000
5.414214
628.000000
278.000000
45.000000
4.000000
5.414214
627.000000
279.000000
45.000000
4.000000
5.414214
626.000000
280.000000
45.000000
4.000000
6.236068
625.000000
281.000000
63.434952
4.000000
6.236068
623.000000
282.000000
63.434952
4.000000
5.000000
621.000000
283.000000
90.000000
4.000000
5.000000
620.000000
283.000000
90.000000
4.000000
5.000000
619.000000
283.000000
90.000000
4.000000
5.000000
618.000000
283.000000
90.000000
4.000000
6.000000
617.000000
283.000000
90.000000
4.000000
6.000000
615.000000
283.000000
90.000000
4.000000
5.000000
613.000000
283.000000
90.000000
4.000000
6.000000
612.000000
283.000000
90.000000
4.000000
5.000000
610.000000
283.000000
90.000000
4.000000
5.000000
609.000000
283.000000
90.000000
4.000000
5.414214
608.000000
283.000000
135.000000
4.000000
5.414214
607.000000
282.000000
135.000000
4.000000
5.000000
606.000000
281.000000
180.000000
4.000000
5.000000
606.000000
280.000000
180.000000
4.000000
5.000000
606.000000
279.000000
180.000000
4.000000
5.000000
606.000000
278.000000
90.000000
4.000000
5.000000
605.000000
278.000000
180.000000
4.000000
5.000000
605.000000
277.000000
180.000000
