4.000000
5.000000
594.000000
300.000000
180.000000
4.000000
5.000000
594.000000
299.000000
180.000000
4.000000
6.236068
594.000000
298.000000
206.565048
4.000000
13.219544
595.000000
296.000000
220.601288
4.000000
8.242640
601.000000
289.000000
225.000000
4.000000
11.810249
604.000000
286.000000
219.805573
4.000000
15.313708
609.000000
280.000000
225.000000
4.000000
13.899495
617.000000
272.000000
225.000000
4.000000
8.242640
624.000000
265.000000
225.000000
4.000000
15.313708
627.000000
262.000000
225.000000
4.000000
11.071068
635.000000
254.000000
225.000000
4.000000
9.000000
640.000000
249.000000
233.130096
4.000000
8.242640
644.000000
246.000000
225.000000
4.000000
6.000000
647.000000
243.000000
270.000000
4.000000
5.000000
649.000000
243.000000
270.000000
4.000000
5.000000
650.000000
243.000000
270.000000
4.000000
6.000000
651.000000
243.000000
0.000000
4.000000
5.000000
651.000000
245.000000
0.000000
4.000000
5.000000
651.000000
246.000000
0.000000
4.000000
6.236068
651.000000
247.000000
333.434937
4.000000
5.000000
652.000000
249.000000
0.000000
4.000000
6.000000
652.000000
250.000000
0.000000
4.000000
7.162278
652.000000
252.000000
341.565063
4.000000
12.000000
653.000000
255.000000
0.000000
4.000000
9.000000
653.000000
263.000000
0.000000
4.000000
11.071068
653.000000
268.000000
8.130104
4.000000
9.830952
652.000000
275.000000
30.963760
4.000000
9.385164
649.000000
280.000000
21.801407
4.000000
7.162278
647.000000
285.000000
18.434952
4.000000
7.000000
646.000000
288.000000
0.000000
4.000000
6.000000
646.000000
291.000000
0.000000
4.000000
5.000000
646.000000
293.000000
0.000000
4.000000
5.000000
646.000000
294.000000
0.000000
4.000000
5.000000
646.000000
295.000000
0.000000
4.000000
5.000000
646.000000
296.000000
270.000000
4.000000
5.414214
647.000000
296.000000
315.000000
4.000000
11.280109
648.000000
297.000000
285.945404
4.000000
17.152946
655.000000
299.000000
278.746155
4.000000
15.180340
668.000000
301.000000
280.304840
4.000000
9.099020
679.000000
303.000000
281.309937
4.000000
9.000000
684.000000
304.000000
270.000000
4.000000
7.000000
689.000000
304.000000
270.000000
4.000000
5.000000
692.000000
304.000000
270.000000
4.000000
5.000000
693.000000
304.000000
270.000000
4.000000
5.000000
694.000000
304.000000
270.000000
4.000000
5.000000
695.000000
304.000000
270.000000
4.000000
5.000000
696.000000
304.000000
180.000000
4.000000
8.472136
696.000000
303.000000
206.565048
4.000000
5.000000
698.000000
299.000000
180.000000
4.000000
6.236068
698.000000
298.000000
206.565048
4.000000
8.123106
699.000000
296.000000
194.036240
