4.000000
5.414225
619.000000
180.999985
315.000427
4.000000
6.000015
620.000000
182.000000
0.000000
4.000000
7.162263
620.000000
184.000015
341.564972
4.000000
12.000000
621.000000
187.000000
0.000000
4.000000
13.999985
621.000000
195.000000
0.000000
4.000000
13.000015
621.000000
204.999985
0.000000
4.000000
10.999985
621.000000
214.000000
0.000000
4.000000
9.000000
621.000000
220.999985
0.000000
4.000000
9.000015
621.000000
225.999985
0.000000
4.000000
8.000000
621.000000
231.000000
0.000000
4.000000
9.099020
621.000000
235.000000
11.309929
4.000000
10.324555
620.000000
240.000000
18.434952
4.000000
9.000000
618.000000
246.000000
0.000000
4.000000
7.162278
618.000000
251.000000
18.434952
4.000000
6.000000
617.000000
254.000000
0.000000
4.000000
7.000000
617.000000
256.000000
0.000000
4.000000
8.123106
617.000000
259.000000
14.036240
4.000000
9.000000
616.000000
263.000000
0.000000
4.000000
7.000000
616.000000
268.000000
0.000000
4.000000
6.000000
616.000000
271.000000
0.000000
4.000000
7.000000
616.000000
273.000000
0.000000
4.000000
6.236068
616.000000
276.000000
26.565048
4.000000
6.000000
615.000000
278.000000
0.000000
4.000000
6.000000
615.000000
280.000000
0.000000
4.000000
6.236068
615.000000
282.000000
153.434952
4.000000
59.317284
614.000000
280.000000
192.528809
4.000000
5.000015
626.000000
225.999985
0.000000
4.000000
5.000015
626.000000
227.000000
180.000000
4.000000
4.999985
626.000000
225.999985
180.000000
4.000000
5.414203
626.000000
225.000000
225.000427
4.000000
10.403133
627.000000
224.000015
231.340088
4.000000
11.615773
632.000000
220.000000
246.801407
4.000000
13.219544
639.000000
217.000000
229.398712
4.000000
11.810249
646.000000
211.000000
230.194427
4.000000
13.219535
652.000000
206.000000
229.398773
4.000000
11.211115
659.000000
200.000015
213.690002
4.000000
9.656855
663.000000
194.000000
225.000000
4.000000
7.605551
667.000000
190.000000
236.309937
4.000000
6.828427
670.000000
188.000000
225.000000
4.000000
8.242640
672.000000
186.000000
225.000000
4.000000
5.000000
675.000000
183.000000
180.000000
4.000000
6.828427
675.000000
182.000000
225.000000
4.000000
6.000000
677.000000
180.000000
180.000000
4.000000
6.828438
677.000000
178.000000
224.999786
4.000000
4.999985
679.000000
175.999985
180.000000
4.000000
5.000000
631.000000
219.000000
0.000000
4.000000
6.000000
631.000000
220.000000
0.000000
4.000000
6.000015
631.000000
222.000000
0.000000
4.000000
5.999969
631.000000
224.000015
0.000000
4.000000
12.246226
631.000000
225.999985
345.963776
4.000000
10.708204
633.000000
234.000000
333.434937
4.000000
12.544003
636.000000
240.000000
339.443970
4.000000
9.656855
639.000000
248.000000
315.000000
4.000000
7.162278
643.000000
252.000000
341.565063
4.000000
7.605551
644.000000
255.000000
326.309937
4.000000
5.414214
646.000000
258.000000
315.000000
4.000000
5.414214
647.000000
259.000000
315.000000
4.000000
8.472136
648.000000
260.000000
333.434937
4.000000
7.162278
650.000000
264.000000
341.565063
4.000000
7.605551
651.000000
267.000000
303.690063
4.000000
5.000000
654.000000
269.000000
0.000000
4.000000
5.414214
654.000000
270.000000
315.000000
4.000000
5.414214
655.000000
271.000000
315.000000
4.000000
6.828427
656.000000
272.000000
315.000000
4.000000
5.414214
658.000000
274.000000
315.000000
4.000000
5.000000
659.000000
275.000000
0.000000
4.000000
5.000000
659.000000
276.000000
270.000000
4.000000
5.414214
660.000000
276.000000
315.000000
4.000000
5.000000
661.000000
277.000000
0.000000
4.000000
5.414214
661.000000
278.000000
315.000000
4.000000
5.000000
662.000000
279.000000
270.000000
