4.000000
5.000015
620.000000
175.999985
0.000000
4.000000
7.000000
620.000000
177.000000
0.000000
4.000000
15.000000
620.000000
180.000000
0.000000
4.000000
15.045361
620.000000
191.000000
354.805573
4.000000
11.000000
621.000000
202.000000
0.000000
4.000000
8.123091
621.000000
209.000000
345.963715
4.000000
11.000015
622.000000
212.999985
0.000000
4.000000
9.000000
622.000000
220.000000
0.000000
4.000000
10.000000
622.000000
225.000000
0.000000
4.000000
8.123106
622.000000
231.000000
14.036240
4.000000
6.236068
621.000000
235.000000
26.565048
4.000000
6.000000
620.000000
237.000000
0.000000
4.000000
7.000000
620.000000
239.000000
0.000000
4.000000
7.000000
620.000000
242.000000
0.000000
4.000000
7.000000
620.000000
245.000000
0.000000
4.000000
8.000000
620.000000
248.000000
0.000000
4.000000
7.000000
620.000000
252.000000
0.000000
4.000000
6.000000
620.000000
255.000000
0.000000
4.000000
6.000000
620.000000
257.000000
0.000000
4.000000
9.000000
620.000000
259.000000
0.000000
4.000000
7.000000
620.000000
264.000000
0.000000
4.000000
6.000000
620.000000
267.000000
0.000000
4.000000
6.236068
620.000000
269.000000
26.565048
4.000000
5.000000
619.000000
271.000000
0.000000
4.000000
34.149628
619.000000
272.000000
185.710602
4.000000
5.414214
622.000000
242.000000
225.000000
4.000000
12.602325
623.000000
241.000000
215.537674
4.000000
12.485281
628.000000
234.000000
225.000000
4.000000
8.999988
634.000000
228.000000
216.869995
4.000000
14.000010
637.000000
224.000015
233.130035
4.000000
8.242640
645.000000
218.000000
225.000000
4.000000
5.414214
648.000000
215.000000
225.000000
4.000000
5.000015
649.000000
214.000000
180.000000
4.000000
5.999985
649.000000
212.999985
180.000000
4.000000
6.000000
649.000000
211.000000
180.000000
4.000000
6.236068
649.000000
209.000000
206.565048
4.000000
5.000000
650.000000
207.000000
180.000000
4.000000
5.000015
650.000000
206.000000
180.000000
4.000000
5.414203
650.000000
204.999985
225.000427
4.000000
5.414214
651.000000
204.000000
225.000000
4.000000
5.414214
652.000000
203.000000
225.000000
4.000000
5.414214
653.000000
202.000000
225.000000
4.000000
5.000000
654.000000
201.000000
270.000000
4.000000
4.999985
655.000000
201.000000
180.000000
4.000000
7.000031
621.000000
225.999985
0.000000
4.000000
7.605543
621.000000
229.000015
303.689880
4.000000
18.317822
624.000000
231.000000
294.775146
4.000000
8.472136
637.000000
237.000000
296.565063
4.000000
8.123106
641.000000
239.000000
284.036255
4.000000
5.414214
645.000000
240.000000
315.000000
4.000000
7.605551
646.000000
241.000000
303.690063
4.000000
6.828427
649.000000
243.000000
315.000000
4.000000
10.403124
651.000000
245.000000
321.340179
4.000000
10.403124
655.000000
250.000000
308.659821
4.000000
12.062258
660.000000
254.000000
330.255127
4.000000
9.000000
664.000000
261.000000
306.869904
4.000000
6.236068
668.000000
264.000000
333.434937
4.000000
5.414214
669.000000
266.000000
315.000000
4.000000
5.000000
670.000000
267.000000
270.000000
4.000000
5.000000
671.000000
267.000000
0.000000
4.000000
5.414214
671.000000
268.000000
315.000000
4.000000
5.000000
672.000000
269.000000
270.000000
