4.000000
12.000000
624.000000
185.000000
0.000000
4.000000
18.142136
624.000000
193.000000
351.869904
4.000000
12.000000
626.000000
207.000000
0.000000
4.000000
6.000000
626.000000
215.000000
0.000000
4.000000
7.999985
626.000000
217.000000
0.000000
4.000000
7.000031
626.000000
220.999985
0.000000
4.000000
5.999969
626.000000
224.000015
0.000000
4.000000
8.000015
626.000000
225.999985
0.000000
4.000000
6.000000
626.000000
230.000000
0.000000
4.000000
8.000000
626.000000
232.000000
0.000000
4.000000
11.000000
626.000000
236.000000
0.000000
4.000000
10.000000
626.000000
243.000000
0.000000
4.000000
13.000000
626.000000
249.000000
0.000000
4.000000
10.000000
626.000000
258.000000
0.000000
4.000000
7.000000
626.000000
264.000000
0.000000
4.000000
5.000000
626.000000
267.000000
0.000000
4.000000
5.000000
626.000000
268.000000
0.000000
4.000000
6.000000
626.000000
269.000000
0.000000
4.000000
5.000000
626.000000
271.000000
0.000000
4.000000
6.000000
626.000000
272.000000
270.000000
4.000000
13.000000
628.000000
272.000000
270.000000
4.000000
10.000000
637.000000
272.000000
270.000000
4.000000
10.000000
643.000000
272.000000
270.000000
4.000000
9.000000
649.000000
272.000000
270.000000
4.000000
5.000000
654.000000
272.000000
270.000000
4.000000
5.000000
655.000000
272.000000
180.000000
4.000000
5.000000
655.000000
271.000000
270.000000
4.000000
5.414214
656.000000
271.000000
225.000000
4.000000
5.000000
657.000000
270.000000
270.000000
4.000000
5.000000
658.000000
270.000000
270.000000
