4.000000
7.000031
644.000000
180.999985
0.000000
4.000000
4.999985
644.000000
184.000015
0.000000
4.000000
6.000000
644.000000
185.000000
0.000000
4.000000
7.000000
644.000000
187.000000
0.000000
4.000000
7.000000
644.000000
190.000000
0.000000
4.000000
7.000000
644.000000
193.000000
0.000000
4.000000
8.000015
644.000000
196.000000
0.000000
4.000000
12.000000
644.000000
200.000015
0.000000
4.000000
9.999985
644.000000
208.000015
0.000000
4.000000
10.999985
644.000000
214.000000
0.000000
4.000000
10.000015
644.000000
220.999985
0.000000
4.000000
12.000000
644.000000
227.000000
0.000000
4.000000
8.000000
644.000000
235.000000
0.000000
4.000000
8.000000
644.000000
239.000000
0.000000
4.000000
8.000000
644.000000
243.000000
0.000000
4.000000
6.000000
644.000000
247.000000
0.000000
4.000000
7.000000
644.000000
249.000000
0.000000
4.000000
6.000000
644.000000
252.000000
0.000000
4.000000
6.000000
644.000000
254.000000
0.000000
4.000000
6.000000
644.000000
256.000000
0.000000
4.000000
5.000000
644.000000
258.000000
0.000000
4.000000
5.000000
644.000000
259.000000
0.000000
4.000000
7.000000
644.000000
260.000000
0.000000
4.000000
8.000000
644.000000
263.000000
0.000000
4.000000
7.000000
644.000000
267.000000
0.000000
4.000000
5.000000
644.000000
270.000000
0.000000
4.000000
5.000000
644.000000
271.000000
0.000000
4.000000
5.000000
644.000000
272.000000
0.000000
4.000000
5.000000
644.000000
273.000000
0.000000
4.000000
5.000000
644.000000
274.000000
0.000000
4.000000
5.000000
644.000000
275.000000
0.000000
