4.000000
5.000000
580.000000
265.000000
270.000000
4.000000
8.472136
581.000000
265.000000
206.565048
4.000000
8.000000
583.000000
261.000000
180.000000
4.000000
11.615773
583.000000
257.000000
203.198593
4.000000
9.385164
586.000000
250.000000
201.801407
4.000000
10.324555
588.000000
245.000000
198.434952
4.000000
16.165525
590.000000
239.000000
189.462326
4.000000
10.324570
592.000000
227.000000
198.434906
4.000000
9.385137
594.000000
220.999985
201.801529
4.000000
7.000031
596.000000
216.000015
180.000000
4.000000
9.098989
596.000000
212.999985
191.309998
4.000000
10.082777
597.000000
208.000015
189.462296
4.000000
7.162278
598.000000
202.000000
198.434952
4.000000
7.000000
599.000000
199.000000
180.000000
4.000000
6.236068
599.000000
196.000000
206.565048
4.000000
9.099034
600.000000
194.000000
191.309906
4.000000
6.999985
601.000000
188.999985
180.000000
4.000000
7.162278
601.000000
186.000000
198.434952
4.000000
6.000000
602.000000
183.000000
0.000000
4.000000
6.000000
602.000000
185.000000
0.000000
4.000000
5.999985
602.000000
187.000000
0.000000
4.000000
6.236082
602.000000
188.999985
333.435120
4.000000
8.242640
603.000000
191.000000
315.000000
4.000000
13.899495
606.000000
194.000000
315.000000
4.000000
12.062250
613.000000
201.000000
299.744781
4.000000
11.071079
620.000000
204.999985
315.000092
4.000000
6.236068
625.000000
210.000000
296.565063
4.000000
6.828416
627.000000
211.000000
314.999786
4.000000
6.236082
629.000000
212.999985
333.435120
4.000000
8.242640
630.000000
215.000000
315.000000
4.000000
6.828427
633.000000
218.000000
315.000000
4.000000
8.123120
635.000000
220.000000
345.963806
4.000000
7.605535
636.000000
224.000015
303.689667
4.000000
5.000015
639.000000
225.999985
0.000000
4.000000
5.000015
639.000000
227.000000
180.000000
4.000000
5.999969
639.000000
225.999985
180.000000
4.000000
6.000015
639.000000
224.000015
180.000000
4.000000
6.236068
639.000000
222.000000
206.565048
4.000000
8.242640
640.000000
220.000000
225.000000
4.000000
14.816654
643.000000
217.000000
236.309937
4.000000
15.401754
652.000000
211.000000
232.125015
4.000000
11.071068
661.000000
204.000000
225.000000
4.000000
13.899484
666.000000
199.000000
225.000061
4.000000
8.242662
673.000000
192.000015
224.999710
4.000000
8.472122
676.000000
188.999985
206.565140
4.000000
5.414203
678.000000
185.000000
225.000427
4.000000
5.000015
679.000000
184.000015
180.000000
4.000000
5.000015
679.000000
183.000000
0.000000
4.000000
6.999985
679.000000
184.000015
0.000000
4.000000
7.000000
679.000000
187.000000
0.000000
4.000000
10.999985
679.000000
190.000000
0.000000
4.000000
22.248302
679.000000
196.999985
350.537689
4.000000
12.000000
682.000000
215.000000
0.000000
4.000000
12.000000
682.000000
223.000000
0.000000
4.000000
9.000000
682.000000
231.000000
0.000000
4.000000
7.000000
682.000000
236.000000
0.000000
4.000000
8.000000
682.000000
239.000000
0.000000
4.000000
8.123106
682.000000
243.000000
345.963745
4.000000
6.000000
683.000000
247.000000
0.000000
4.000000
6.000000
683.000000
249.000000
0.000000
4.000000
6.236068
683.000000
251.000000
333.434937
4.000000
6.000000
684.000000
253.000000
0.000000
4.000000
7.000000
684.000000
255.000000
0.000000
4.000000
6.236068
684.000000
258.000000
333.434937
4.000000
7.000000
685.000000
260.000000
0.000000
4.000000
9.385164
685.000000
263.000000
338.198608
4.000000
6.236068
687.000000
268.000000
333.434937
4.000000
5.000000
688.000000
270.000000
0.000000
