4.000000
6.000000
587.000000
207.000000
0.000000
4.000000
13.000000
587.000000
209.000000
0.000000
4.000000
23.235384
587.000000
218.000000
351.027374
4.000000
9.000000
590.000000
237.000000
0.000000
4.000000
11.280109
590.000000
242.000000
344.054596
4.000000
10.082763
592.000000
249.000000
350.537659
4.000000
5.000000
593.000000
255.000000
0.000000
4.000000
7.000000
593.000000
256.000000
0.000000
4.000000
6.000000
593.000000
259.000000
0.000000
4.000000
8.123106
593.000000
261.000000
345.963745
4.000000
5.000000
594.000000
265.000000
0.000000
4.000000
7.000000
594.000000
266.000000
180.000000
4.000000
6.000000
594.000000
263.000000
180.000000
4.000000
8.000000
594.000000
261.000000
180.000000
4.000000
8.000000
594.000000
257.000000
180.000000
4.000000
8.000000
594.000000
253.000000
180.000000
4.000000
6.000000
594.000000
249.000000
180.000000
4.000000
6.000000
594.000000
247.000000
180.000000
4.000000
9.830952
594.000000
245.000000
210.963760
4.000000
16.806248
597.000000
240.000000
218.659805
4.000000
13.899495
605.000000
230.000000
225.000000
4.000000
8.242640
612.000000
223.000000
225.000000
4.000000
5.000000
615.000000
220.000000
270.000000
4.000000
5.414214
616.000000
220.000000
225.000000
4.000000
5.414214
617.000000
219.000000
225.000000
4.000000
6.000000
618.000000
218.000000
270.000000
4.000000
7.162278
620.000000
218.000000
251.565048
4.000000
6.000000
623.000000
217.000000
270.000000
4.000000
9.000000
625.000000
217.000000
270.000000
4.000000
7.000000
630.000000
217.000000
270.000000
4.000000
5.000000
633.000000
217.000000
270.000000
4.000000
6.236068
634.000000
217.000000
333.434937
4.000000
6.236054
635.000000
219.000000
333.434784
4.000000
10.708218
636.000000
220.999985
333.434998
4.000000
11.280109
639.000000
227.000000
344.054596
4.000000
10.324555
641.000000
234.000000
341.565063
4.000000
8.123106
643.000000
240.000000
345.963745
4.000000
8.000000
644.000000
244.000000
0.000000
4.000000
8.000000
644.000000
248.000000
0.000000
4.000000
8.000000
644.000000
252.000000
0.000000
4.000000
6.000000
644.000000
256.000000
0.000000
4.000000
5.000000
644.000000
258.000000
0.000000
4.000000
6.000000
644.000000
259.000000
0.000000
4.000000
5.000000
644.000000
261.000000
0.000000
4.000000
5.000000
644.000000
262.000000
90.000000
4.000000
6.000000
643.000000
262.000000
180.000000
4.000000
8.000000
643.000000
260.000000
180.000000
4.000000
7.000000
643.000000
256.000000
180.000000
4.000000
8.000000
643.000000
253.000000
180.000000
4.000000
9.000000
643.000000
249.000000
180.000000
4.000000
8.000000
643.000000
244.000000
180.000000
4.000000
9.000000
643.000000
240.000000
180.000000
4.000000
9.099020
643.000000
235.000000
191.309937
4.000000
7.000000
644.000000
230.000000
180.000000
4.000000
8.472136
644.000000
227.000000
206.565048
4.000000
7.162278
646.000000
223.000000
198.434952
4.000000
8.472122
647.000000
220.000000
206.565140
4.000000
6.236082
649.000000
216.000015
206.564880
4.000000
8.472136
650.000000
214.000000
206.565048
4.000000
9.000000
652.000000
210.000000
233.130096
4.000000
8.123106
656.000000
207.000000
255.963760
4.000000
6.000000
660.000000
206.000000
270.000000
4.000000
7.000000
662.000000
206.000000
270.000000
4.000000
9.000000
665.000000
206.000000
270.000000
4.000000
7.000000
670.000000
206.000000
270.000000
4.000000
7.000000
673.000000
206.000000
270.000000
4.000000
6.828438
676.000000
206.000000
315.000214
4.000000
6.236061
678.000000
208.000015
296.564697
4.000000
7.162278
680.000000
209.000000
341.565063
4.000000
6.000000
681.000000
212.000000
0.000000
4.000000
6.000015
681.000000
214.000000
0.000000
4.000000
5.999985
681.000000
216.000015
0.000000
4.000000
9.099020
681.000000
218.000000
348.690063
4.000000
13.055386
682.000000
223.000000
353.659821
4.000000
11.000000
683.000000
232.000000
0.000000
4.000000
6.000000
683.000000
239.000000
0.000000
4.000000
7.000000
683.000000
241.000000
0.000000
4.000000
7.000000
683.000000
244.000000
0.000000
4.000000
7.000000
683.000000
247.000000
0.000000
4.000000
6.000000
683.000000
250.000000
0.000000
4.000000
6.000000
683.000000
252.000000
0.000000
4.000000
5.000000
683.000000
254.000000
0.000000
4.000000
6.236068
683.000000
255.000000
26.565048
4.000000
6.000000
682.000000
257.000000
0.000000
4.000000
5.000000
682.000000
259.000000
0.000000
4.000000
5.000000
682.000000
260.000000
0.000000
