4.000000
6.000000
595.000000
263.000000
180.000000
4.000000
5.000000
595.000000
261.000000
180.000000
4.000000
7.000000
595.000000
260.000000
180.000000
4.000000
7.000000
595.000000
257.000000
180.000000
4.000000
5.000000
595.000000
254.000000
180.000000
4.000000
7.000000
595.000000
253.000000
180.000000
4.000000
7.162278
595.000000
250.000000
198.434952
4.000000
9.099020
596.000000
247.000000
191.309937
4.000000
8.472136
597.000000
242.000000
206.565048
4.000000
10.324555
599.000000
238.000000
198.434952
4.000000
6.999985
601.000000
232.000000
180.000000
4.000000
11.280125
601.000000
229.000015
195.945358
4.000000
8.472136
603.000000
222.000000
206.565048
4.000000
8.123106
605.000000
218.000000
194.036240
4.000000
8.472136
606.000000
214.000000
206.565048
4.000000
11.615773
608.000000
210.000000
203.198593
4.000000
5.000000
611.000000
203.000000
180.000000
4.000000
5.000000
611.000000
202.000000
180.000000
4.000000
7.162278
611.000000
201.000000
198.434952
4.000000
5.414225
612.000000
198.000000
224.999557
4.000000
5.414203
613.000000
196.999985
225.000427
4.000000
4.999985
614.000000
196.000000
0.000000
4.000000
5.414225
614.000000
196.999985
315.000427
4.000000
5.000000
615.000000
198.000000
0.000000
4.000000
6.000000
615.000000
199.000000
0.000000
4.000000
6.236068
615.000000
201.000000
333.434937
4.000000
6.236054
616.000000
203.000000
333.434784
4.000000
8.123120
617.000000
204.999985
345.963806
4.000000
7.999985
618.000000
209.000000
0.000000
4.000000
6.236082
618.000000
212.999985
333.435120
4.000000
7.162278
619.000000
215.000000
341.565063
4.000000
8.123106
620.000000
218.000000
345.963745
4.000000
13.433981
621.000000
222.000000
327.994629
4.000000
17.000000
626.000000
230.000000
337.380127
4.000000
6.236068
631.000000
242.000000
333.434937
4.000000
8.472136
632.000000
244.000000
333.434937
4.000000
9.830952
634.000000
248.000000
329.036255
4.000000
7.162278
637.000000
253.000000
341.565063
4.000000
5.414214
638.000000
256.000000
315.000000
4.000000
8.472136
639.000000
257.000000
333.434937
4.000000
5.000000
641.000000
261.000000
0.000000
4.000000
5.000000
641.000000
262.000000
0.000000
4.000000
5.000000
641.000000
263.000000
270.000000
4.000000
5.000000
642.000000
263.000000
0.000000
4.000000
5.000000
642.000000
264.000000
270.000000
4.000000
5.000000
643.000000
264.000000
180.000000
4.000000
5.414214
643.000000
263.000000
225.000000
4.000000
6.000000
644.000000
262.000000
180.000000
4.000000
7.162278
644.000000
260.000000
198.434952
4.000000
7.162278
645.000000
257.000000
198.434952
4.000000
6.828427
646.000000
254.000000
225.000000
4.000000
8.472136
648.000000
252.000000
206.565048
4.000000
7.605551
650.000000
248.000000
213.690063
4.000000
9.385164
652.000000
245.000000
201.801407
4.000000
10.708204
654.000000
240.000000
206.565048
4.000000
10.708204
657.000000
234.000000
206.565048
4.000000
12.602338
660.000000
228.000000
215.537613
4.000000
10.708191
665.000000
220.999985
206.565109
4.000000
10.708204
668.000000
215.000000
206.565048
4.000000
8.472149
671.000000
209.000000
206.564972
4.000000
10.324541
673.000000
204.999985
198.434998
4.000000
9.099020
675.000000
199.000000
191.309937
4.000000
7.162278
676.000000
194.000000
198.434952
4.000000
5.000000
677.000000
191.000000
180.000000
4.000000
5.414225
677.000000
190.000000
224.999557
4.000000
4.999985
678.000000
188.999985
180.000000
4.000000
5.000000
678.000000
188.000000
180.000000
4.000000
5.000000
678.000000
187.000000
0.000000
4.000000
4.999985
678.000000
188.000000
0.000000
