4.000000
5.000000
611.000000
203.000000
0.000000
4.000000
4.999985
611.000000
204.000000
0.000000
4.000000
5.000015
611.000000
204.999985
0.000000
4.000000
5.000000
611.000000
206.000000
0.000000
4.000000
6.000000
611.000000
207.000000
0.000000
4.000000
5.000000
611.000000
209.000000
0.000000
4.000000
6.999985
611.000000
210.000000
0.000000
4.000000
8.000015
611.000000
212.999985
0.000000
4.000000
9.000000
611.000000
217.000000
0.000000
4.000000
7.999985
611.000000
222.000000
0.000000
4.000000
6.000015
611.000000
225.999985
0.000000
4.000000
9.000000
611.000000
228.000000
0.000000
4.000000
8.000000
611.000000
233.000000
0.000000
4.000000
9.000000
611.000000
237.000000
0.000000
4.000000
7.000000
611.000000
242.000000
0.000000
4.000000
7.000000
611.000000
245.000000
0.000000
4.000000
8.000000
611.000000
248.000000
0.000000
4.000000
7.000000
611.000000
252.000000
0.000000
4.000000
7.000000
611.000000
255.000000
0.000000
4.000000
8.000000
611.000000
258.000000
0.000000
4.000000
6.000000
611.000000
262.000000
0.000000
4.000000
6.000000
611.000000
264.000000
0.000000
4.000000
5.000000
611.000000
266.000000
0.000000
4.000000
5.000000
611.000000
267.000000
180.000000
4.000000
7.000000
611.000000
266.000000
180.000000
4.000000
7.162278
611.000000
263.000000
198.434952
4.000000
8.123106
612.000000
260.000000
194.036240
4.000000
8.472136
613.000000
256.000000
206.565048
4.000000
7.162278
615.000000
252.000000
198.434952
4.000000
10.324555
616.000000
249.000000
198.434952
4.000000
11.280109
618.000000
243.000000
195.945404
4.000000
7.000000
620.000000
236.000000
180.000000
4.000000
8.472122
620.000000
233.000000
206.565140
4.000000
13.486848
622.000000
229.000015
198.434906
4.000000
6.236068
625.000000
220.000000
206.565048
4.000000
7.162278
626.000000
218.000000
198.434952
4.000000
10.708204
627.000000
215.000000
206.565048
4.000000
9.830952
630.000000
209.000000
210.963760
4.000000
7.605551
633.000000
204.000000
213.690063
4.000000
7.605551
635.000000
201.000000
213.690063
4.000000
5.414225
637.000000
198.000000
224.999557
4.000000
5.414203
638.000000
196.999985
225.000427
4.000000
6.236068
639.000000
196.000000
243.434952
4.000000
5.414214
641.000000
195.000000
225.000000
4.000000
6.236068
642.000000
194.000000
243.434952
4.000000
6.000000
644.000000
193.000000
270.000000
4.000000
5.414203
646.000000
193.000000
225.000427
4.000000
5.000000
647.000000
192.000015
270.000000
4.000000
5.000000
648.000000
192.000015
270.000000
4.000000
4.999985
649.000000
192.000015
0.000000
4.000000
5.000000
649.000000
193.000000
0.000000
4.000000
5.000000
649.000000
194.000000
270.000000
4.000000
5.000000
650.000000
194.000000
0.000000
4.000000
5.999985
650.000000
195.000000
0.000000
4.000000
5.000000
650.000000
196.999985
270.000000
4.000000
6.000015
651.000000
196.999985
0.000000
4.000000
5.000015
651.000000
199.000000
0.000000
4.000000
6.999985
651.000000
200.000015
0.000000
4.000000
7.162278
651.000000
203.000000
341.565063
4.000000
8.000000
652.000000
206.000000
0.000000
4.000000
9.099020
652.000000
210.000000
348.690063
4.000000
6.000000
653.000000
215.000000
0.000000
4.000000
11.071083
653.000000
217.000000
351.869904
4.000000
9.099020
654.000000
224.000015
348.690063
4.000000
8.999985
655.000000
229.000015
0.000000
4.000000
10.082763
655.000000
234.000000
350.537659
4.000000
9.000000
656.000000
240.000000
0.000000
4.000000
7.000000
656.000000
245.000000
0.000000
4.000000
7.162278
656.000000
248.000000
341.565063
4.000000
8.123106
657.000000
251.000000
345.963745
4.000000
8.000000
658.000000
255.000000
0.000000
4.000000
8.123106
658.000000
259.000000
345.963745
4.000000
7.000000
659.000000
263.000000
0.000000
4.000000
5.000000
659.000000
266.000000
0.000000
4.000000
6.236068
659.000000
267.000000
333.434937
4.000000
5.000000
660.000000
269.000000
0.000000
4.000000
5.000000
660.000000
270.000000
0.000000
4.000000
5.000000
660.000000
271.000000
0.000000
4.000000
5.000000
660.000000
272.000000
270.000000
4.000000
5.000000
661.000000
272.000000
270.000000
4.000000
7.162278
662.000000
272.000000
251.565048
4.000000
6.236068
665.000000
271.000000
243.434952
4.000000
5.414214
667.000000
270.000000
225.000000
4.000000
5.000000
668.000000
269.000000
270.000000
4.000000
5.414214
669.000000
269.000000
225.000000
4.000000
6.000000
670.000000
268.000000
180.000000
4.000000
5.000000
670.000000
266.000000
180.000000
4.000000
5.000000
670.000000
265.000000
180.000000
4.000000
5.000000
670.000000
264.000000
180.000000
4.000000
6.000000
670.000000
263.000000
180.000000
