4.000000
4.999985
653.000000
185.000000
180.000000
4.000000
5.000000
653.000000
184.000015
90.000000
4.000000
9.099022
652.000000
184.000015
101.310104
4.000000
13.848858
647.000000
183.000000
66.037506
4.000000
12.944272
638.000000
187.000000
63.434952
4.000000
11.211102
630.000000
191.000000
56.309933
4.000000
9.385159
624.000000
195.000000
68.198746
4.000000
9.000018
619.000000
196.999985
53.129822
4.000000
8.242630
615.000000
200.000015
45.000145
4.000000
9.830965
612.000000
203.000000
30.963676
4.000000
9.830926
609.000000
208.000015
30.963909
4.000000
8.123120
606.000000
212.999985
14.036194
4.000000
8.123091
605.000000
217.000000
14.036293
4.000000
8.123120
604.000000
220.999985
14.036194
4.000000
11.000000
603.000000
225.000000
0.000000
4.000000
11.000000
603.000000
232.000000
0.000000
4.000000
9.000000
603.000000
239.000000
0.000000
4.000000
7.000000
603.000000
244.000000
0.000000
4.000000
6.236068
603.000000
247.000000
333.434937
4.000000
6.828427
604.000000
249.000000
315.000000
4.000000
5.414214
606.000000
251.000000
315.000000
4.000000
6.236068
607.000000
252.000000
333.434937
4.000000
6.828427
608.000000
254.000000
315.000000
4.000000
6.828427
610.000000
256.000000
315.000000
4.000000
5.414214
612.000000
258.000000
315.000000
4.000000
6.236068
613.000000
259.000000
296.565063
4.000000
6.828427
615.000000
260.000000
315.000000
4.000000
5.414214
617.000000
262.000000
315.000000
4.000000
6.236068
618.000000
263.000000
296.565063
4.000000
6.236068
620.000000
264.000000
296.565063
4.000000
6.236068
622.000000
265.000000
296.565063
4.000000
7.000000
624.000000
266.000000
270.000000
4.000000
7.605551
627.000000
266.000000
303.690063
4.000000
8.000000
630.000000
268.000000
270.000000
4.000000
12.000000
634.000000
268.000000
270.000000
4.000000
10.000000
642.000000
268.000000
270.000000
4.000000
7.162278
648.000000
268.000000
251.565048
4.000000
9.385164
651.000000
267.000000
248.198593
4.000000
7.605551
656.000000
265.000000
236.309937
4.000000
7.605551
659.000000
263.000000
236.309937
4.000000
9.656855
662.000000
261.000000
225.000000
4.000000
8.472136
666.000000
257.000000
243.434952
4.000000
9.000000
670.000000
255.000000
216.869904
4.000000
9.385164
673.000000
251.000000
201.801407
4.000000
9.385164
675.000000
246.000000
201.801407
4.000000
7.000000
677.000000
241.000000
180.000000
4.000000
7.162278
677.000000
238.000000
198.434952
4.000000
11.000000
678.000000
235.000000
180.000000
4.000000
10.000000
678.000000
228.000000
180.000000
4.000000
7.000000
678.000000
222.000000
180.000000
4.000000
6.999985
678.000000
219.000000
180.000000
4.000000
6.000015
678.000000
216.000015
180.000000
4.000000
7.000000
678.000000
214.000000
180.000000
4.000000
6.999985
678.000000
211.000000
180.000000
4.000000
6.000015
678.000000
208.000015
180.000000
4.000000
6.236068
678.000000
206.000000
153.434952
4.000000
5.000000
677.000000
204.000000
180.000000
4.000000
6.000000
677.000000
203.000000
180.000000
4.000000
6.000000
677.000000
201.000000
180.000000
4.000000
6.000015
677.000000
199.000000
180.000000
4.000000
5.414203
677.000000
196.999985
134.999573
4.000000
6.000000
676.000000
196.000000
180.000000
4.000000
5.999985
676.000000
194.000000
180.000000
4.000000
5.414225
676.000000
192.000015
135.000443
4.000000
6.000015
675.000000
191.000000
180.000000
4.000000
5.000000
675.000000
188.999985
90.000000
4.000000
4.999985
674.000000
188.999985
180.000000
4.000000
5.414214
674.000000
188.000000
135.000000
4.000000
6.000000
673.000000
187.000000
90.000000
4.000000
7.162278
671.000000
187.000000
108.434952
4.000000
6.000000
668.000000
186.000000
90.000000
4.000000
7.000000
666.000000
186.000000
90.000000
4.000000
6.000000
663.000000
186.000000
90.000000
4.000000
7.000000
661.000000
186.000000
90.000000
4.000000
7.000000
658.000000
186.000000
90.000000
4.000000
7.000000
655.000000
186.000000
90.000000
4.000000
7.000000
652.000000
186.000000
90.000000
4.000000
6.000000
649.000000
186.000000
90.000000
4.000000
8.000000
647.000000
186.000000
90.000000
4.000000
8.123106
643.000000
186.000000
75.963760
4.000000
7.162278
639.000000
187.000000
71.565048
4.000000
11.810249
636.000000
188.000000
50.194427
