4.000000
5.000015
651.000000
216.000015
180.000000
4.000000
5.000000
651.000000
215.000000
90.000000
4.000000
5.414214
650.000000
215.000000
135.000000
4.000000
5.000000
649.000000
214.000000
90.000000
4.000000
6.000000
648.000000
214.000000
90.000000
4.000000
9.000000
646.000000
214.000000
90.000000
4.000000
8.000000
641.000000
214.000000
90.000000
4.000000
6.000000
637.000000
214.000000
90.000000
4.000000
8.000000
635.000000
214.000000
90.000000
4.000000
8.000000
631.000000
214.000000
90.000000
4.000000
5.000000
627.000000
214.000000
90.000000
4.000000
8.000000
626.000000
214.000000
90.000000
4.000000
9.000000
622.000000
214.000000
53.130104
4.000000
6.000000
618.000000
217.000000
90.000000
4.000000
6.000000
616.000000
217.000000
90.000000
4.000000
5.414214
614.000000
217.000000
45.000000
4.000000
6.236068
613.000000
218.000000
63.434952
4.000000
6.828416
611.000000
219.000000
45.000217
4.000000
6.236082
609.000000
220.999985
26.564877
4.000000
8.472136
608.000000
223.000000
26.565048
4.000000
6.236082
606.000000
227.000000
26.564877
4.000000
6.236054
605.000000
229.000015
26.565228
4.000000
8.000000
604.000000
231.000000
0.000000
4.000000
8.123106
604.000000
235.000000
14.036240
4.000000
11.280109
603.000000
239.000000
15.945396
4.000000
6.000000
601.000000
246.000000
0.000000
4.000000
9.000000
601.000000
248.000000
0.000000
4.000000
12.000000
601.000000
253.000000
0.000000
4.000000
8.000000
601.000000
261.000000
0.000000
4.000000
7.000000
601.000000
265.000000
0.000000
4.000000
6.000000
601.000000
268.000000
0.000000
4.000000
6.236068
601.000000
270.000000
333.434937
4.000000
6.828427
602.000000
272.000000
315.000000
4.000000
6.828427
604.000000
274.000000
315.000000
4.000000
7.162278
606.000000
276.000000
288.434937
4.000000
6.236068
609.000000
277.000000
333.434937
4.000000
9.099020
610.000000
279.000000
281.309937
4.000000
10.082763
615.000000
280.000000
279.462341
4.000000
8.000000
621.000000
281.000000
270.000000
4.000000
9.000000
625.000000
281.000000
270.000000
4.000000
10.000000
630.000000
281.000000
270.000000
4.000000
8.000000
636.000000
281.000000
270.000000
4.000000
7.000000
640.000000
281.000000
270.000000
4.000000
9.099020
643.000000
281.000000
258.690063
4.000000
7.605551
648.000000
280.000000
236.309937
4.000000
6.000000
651.000000
278.000000
270.000000
4.000000
6.236068
653.000000
278.000000
243.434952
4.000000
6.828427
655.000000
277.000000
225.000000
4.000000
6.828427
657.000000
275.000000
225.000000
4.000000
6.236068
659.000000
273.000000
206.565048
4.000000
6.828427
660.000000
271.000000
225.000000
4.000000
7.162278
662.000000
269.000000
198.434952
4.000000
8.123106
663.000000
266.000000
194.036240
4.000000
8.472136
664.000000
262.000000
206.565048
4.000000
8.000000
666.000000
258.000000
180.000000
4.000000
9.385164
666.000000
254.000000
201.801407
4.000000
7.000000
668.000000
249.000000
180.000000
4.000000
8.000000
668.000000
246.000000
180.000000
4.000000
10.000000
668.000000
242.000000
180.000000
4.000000
5.000000
668.000000
236.000000
180.000000
4.000000
6.000000
668.000000
235.000000
180.000000
4.000000
7.000000
668.000000
233.000000
180.000000
4.000000
6.000000
668.000000
230.000000
180.000000
4.000000
5.000000
668.000000
228.000000
180.000000
4.000000
6.999985
668.000000
227.000000
180.000000
4.000000
5.000000
668.000000
224.000015
90.000000
4.000000
5.414225
667.000000
224.000015
135.000443
4.000000
6.000015
666.000000
223.000000
180.000000
4.000000
5.000000
666.000000
220.999985
90.000000
4.000000
7.605543
665.000000
220.999985
123.689865
4.000000
6.236068
662.000000
219.000000
116.565048
4.000000
6.236068
660.000000
218.000000
116.565048
4.000000
7.000000
658.000000
217.000000
90.000000
4.000000
7.162273
655.000000
217.000000
108.434685
4.000000
5.000000
652.000000
216.000015
90.000000
