4.000000
7.162278
614.000000
183.000000
341.565063
4.000000
10.082777
615.000000
186.000000
350.537720
4.000000
14.198024
616.000000
192.000015
348.690063
4.000000
14.198039
618.000000
202.000000
348.690063
4.000000
11.071068
620.000000
212.000000
351.869904
4.000000
21.029387
621.000000
219.000000
356.633545
4.000000
14.000000
622.000000
236.000000
0.000000
4.000000
9.000000
622.000000
246.000000
0.000000
4.000000
9.099020
622.000000
251.000000
348.690063
4.000000
5.000000
623.000000
256.000000
0.000000
4.000000
5.414214
623.000000
257.000000
315.000000
4.000000
5.000000
624.000000
258.000000
0.000000
4.000000
5.000000
624.000000
259.000000
270.000000
4.000000
5.000000
625.000000
259.000000
0.000000
4.000000
8.000000
625.000000
260.000000
180.000000
4.000000
83.075912
625.000000
256.000000
170.537674
4.000000
5.000000
612.000000
178.000000
180.000000
4.000000
5.000000
612.000000
177.000000
270.000000
4.000000
12.062258
613.000000
177.000000
277.125000
4.000000
11.280109
621.000000
178.000000
285.945404
4.000000
8.123102
628.000000
180.000000
284.036041
4.000000
7.605577
632.000000
180.999985
326.310211
4.000000
8.242630
634.000000
184.000015
314.999847
4.000000
8.242640
637.000000
187.000000
315.000000
4.000000
9.000000
640.000000
190.000000
306.869904
4.000000
5.000000
644.000000
193.000000
270.000000
4.000000
6.000000
645.000000
193.000000
0.000000
4.000000
5.999985
645.000000
195.000000
0.000000
4.000000
5.000015
645.000000
196.999985
0.000000
4.000000
6.000015
645.000000
198.000000
0.000000
4.000000
8.123091
645.000000
200.000015
14.036293
4.000000
9.000012
644.000000
204.000000
36.869793
4.000000
12.602307
641.000000
208.000015
54.462490
4.000000
7.605560
634.000000
212.999985
56.309731
4.000000
8.123110
631.000000
215.000000
75.963547
4.000000
7.162273
627.000000
216.000015
71.565315
4.000000
5.000000
624.000000
217.000000
90.000000
4.000000
6.000000
623.000000
217.000000
90.000000
4.000000
5.414214
621.000000
217.000000
45.000000
