4.000000
7.000000
619.000000
215.000000
0.000000
4.000000
30.305893
619.000000
218.000000
8.746162
4.000000
23.924858
615.000000
244.000000
17.525566
4.000000
19.524174
609.000000
263.000000
14.931419
4.000000
8.123106
605.000000
278.000000
14.036240
4.000000
10.324555
604.000000
282.000000
18.434952
4.000000
8.123106
602.000000
288.000000
14.036240
4.000000
7.000000
601.000000
292.000000
0.000000
4.000000
6.236068
601.000000
295.000000
26.565048
4.000000
84.653595
600.000000
297.000000
199.558258
4.000000
5.999985
627.000000
220.999985
180.000000
4.000000
6.000000
627.000000
219.000000
180.000000
4.000000
7.000000
627.000000
217.000000
180.000000
4.000000
10.324555
627.000000
214.000000
251.565048
4.000000
11.071068
633.000000
212.000000
261.869904
4.000000
9.000000
640.000000
211.000000
270.000000
4.000000
7.605543
645.000000
211.000000
303.689880
4.000000
8.472149
648.000000
212.999985
333.435028
4.000000
7.162278
650.000000
217.000000
341.565063
4.000000
12.246211
651.000000
220.000000
345.963745
4.000000
15.704700
653.000000
228.000000
340.016907
4.000000
11.000000
657.000000
239.000000
0.000000
4.000000
9.000000
657.000000
246.000000
0.000000
4.000000
7.162278
657.000000
251.000000
18.434952
4.000000
5.414214
656.000000
254.000000
45.000000
4.000000
6.236068
655.000000
255.000000
63.434952
4.000000
8.123106
653.000000
256.000000
75.963760
4.000000
13.486833
649.000000
257.000000
71.565048
4.000000
8.000000
640.000000
260.000000
90.000000
4.000000
8.123106
636.000000
260.000000
104.036240
4.000000
7.000000
632.000000
259.000000
90.000000
4.000000
6.828427
629.000000
259.000000
135.000000
4.000000
7.162278
627.000000
257.000000
161.565048
4.000000
5.414214
626.000000
254.000000
135.000000
4.000000
9.830952
625.000000
253.000000
120.963760
4.000000
8.123106
620.000000
250.000000
104.036240
4.000000
5.000000
616.000000
249.000000
90.000000
