4.000000
7.000000
647.000000
188.999985
90.000000
4.000000
8.000000
644.000000
188.999985
90.000000
4.000000
11.071070
640.000000
188.999985
81.869774
4.000000
7.162278
633.000000
190.000000
71.565048
4.000000
7.162282
630.000000
191.000000
71.564789
4.000000
6.236061
627.000000
192.000015
63.435299
4.000000
6.236068
625.000000
193.000000
63.434952
4.000000
5.000000
623.000000
194.000000
90.000000
4.000000
6.236068
622.000000
194.000000
63.434952
4.000000
5.414214
620.000000
195.000000
45.000000
4.000000
5.414203
619.000000
196.000000
45.000435
4.000000
5.000015
618.000000
196.999985
0.000000
4.000000
7.605551
618.000000
198.000000
33.690067
4.000000
6.236068
616.000000
201.000000
26.565048
4.000000
5.414214
615.000000
203.000000
45.000000
4.000000
6.828427
614.000000
204.000000
45.000000
4.000000
6.000015
612.000000
206.000000
0.000000
4.000000
6.236054
612.000000
208.000015
26.565228
4.000000
5.414214
611.000000
210.000000
45.000000
4.000000
5.000000
610.000000
211.000000
0.000000
4.000000
6.000000
610.000000
212.000000
0.000000
4.000000
5.000000
610.000000
214.000000
0.000000
4.000000
7.162278
610.000000
215.000000
18.434952
4.000000
6.000000
609.000000
218.000000
0.000000
4.000000
8.000015
609.000000
220.000000
0.000000
4.000000
5.999969
609.000000
224.000015
0.000000
4.000000
10.000015
609.000000
225.999985
0.000000
4.000000
9.000000
609.000000
232.000000
0.000000
4.000000
6.236068
609.000000
237.000000
333.434937
4.000000
5.000000
610.000000
239.000000
0.000000
4.000000
6.236068
610.000000
240.000000
333.434937
4.000000
5.414214
611.000000
242.000000
315.000000
4.000000
5.000000
612.000000
243.000000
0.000000
4.000000
5.000000
612.000000
244.000000
0.000000
4.000000
7.605551
612.000000
245.000000
326.309937
4.000000
5.000000
614.000000
248.000000
270.000000
4.000000
6.000000
615.000000
248.000000
0.000000
4.000000
7.605551
615.000000
250.000000
303.690063
4.000000
6.236068
618.000000
252.000000
333.434937
4.000000
6.236068
619.000000
254.000000
333.434937
4.000000
6.236068
620.000000
256.000000
296.565063
4.000000
6.236068
622.000000
257.000000
333.434937
4.000000
5.000000
623.000000
259.000000
0.000000
4.000000
6.236068
623.000000
260.000000
296.565063
4.000000
5.000000
625.000000
261.000000
0.000000
4.000000
5.000000
625.000000
262.000000
0.000000
4.000000
5.000000
625.000000
263.000000
270.000000
4.000000
5.000000
626.000000
263.000000
270.000000
4.000000
5.000000
627.000000
263.000000
270.000000
4.000000
5.414214
628.000000
263.000000
315.000000
4.000000
5.000000
629.000000
264.000000
270.000000
4.000000
5.000000
630.000000
264.000000
270.000000
4.000000
5.000000
631.000000
264.000000
270.000000
4.000000
6.236068
632.000000
264.000000
296.565063
4.000000
5.000000
634.000000
265.000000
270.000000
4.000000
6.236068
635.000000
265.000000
296.565063
4.000000
6.000000
637.000000
266.000000
270.000000
4.000000
5.000000
639.000000
266.000000
270.000000
4.000000
6.000000
640.000000
266.000000
270.000000
4.000000
5.000000
642.000000
266.000000
270.000000
4.000000
10.082763
643.000000
266.000000
260.537659
4.000000
8.472136
649.000000
265.000000
243.434952
4.000000
8.472136
653.000000
263.000000
243.434952
4.000000
6.236068
657.000000
261.000000
243.434952
4.000000
8.242640
659.000000
260.000000
225.000000
4.000000
7.162278
662.000000
257.000000
251.565048
4.000000
5.414214
665.000000
256.000000
225.000000
4.000000
6.236068
666.000000
255.000000
243.434952
4.000000
5.414214
668.000000
254.000000
225.000000
4.000000
6.236068
669.000000
253.000000
206.565048
4.000000
5.000000
670.000000
251.000000
180.000000
4.000000
7.605551
670.000000
250.000000
236.309937
4.000000
5.000000
673.000000
248.000000
180.000000
4.000000
8.472136
673.000000
247.000000
206.565048
4.000000
7.162278
675.000000
243.000000
198.434952
4.000000
9.099020
676.000000
240.000000
191.309937
4.000000
9.000000
677.000000
235.000000
180.000000
4.000000
7.000000
677.000000
230.000000
180.000000
4.000000
6.999985
677.000000
227.000000
180.000000
4.000000
10.000015
677.000000
224.000015
180.000000
4.000000
7.000000
677.000000
218.000000
180.000000
4.000000
8.000000
677.000000
215.000000
180.000000
4.000000
7.605538
677.000000
211.000000
146.309799
4.000000
8.123120
675.000000
208.000015
165.963806
4.000000
10.082763
674.000000
204.000000
170.537674
4.000000
5.000015
673.000000
198.000000
180.000000
4.000000
6.828416
673.000000
196.999985
134.999786
4.000000
5.000000
671.000000
195.000000
180.000000
4.000000
9.830965
671.000000
194.000000
149.036316
4.000000
7.605538
668.000000
188.999985
146.309799
4.000000
6.236054
666.000000
186.000000
153.434769
4.000000
5.000015
665.000000
184.000015
180.000000
4.000000
5.000000
665.000000
183.000000
90.000000
4.000000
8.000000
664.000000
183.000000
90.000000
4.000000
9.385170
660.000000
183.000000
111.801559
4.000000
10.000000
655.000000
180.999985
90.000000
4.000000
7.000000
649.000000
180.999985
90.000000
4.000000
9.000000
646.000000
180.999985
90.000000
4.000000
10.324560
641.000000
180.999985
71.564919
4.000000
9.099022
635.000000
183.000000
78.689896
4.000000
10.708197
630.000000
184.000015
63.435066
4.000000
8.472130
624.000000
187.000000
63.435123
4.000000
8.242662
620.000000
188.999985
44.999710
4.000000
5.000000
617.000000
192.000015
90.000000
4.000000
6.828416
616.000000
192.000015
45.000217
4.000000
5.414214
614.000000
194.000000
45.000000
4.000000
6.236054
613.000000
195.000000
26.565228
4.000000
5.000000
612.000000
196.999985
90.000000
4.000000
7.162307
611.000000
196.999985
18.434776
4.000000
7.605538
610.000000
200.000015
33.690201
4.000000
7.605551
608.000000
203.000000
33.690067
4.000000
8.123106
606.000000
206.000000
14.036240
4.000000
7.605538
605.000000
210.000000
33.690201
4.000000
6.000000
650.000000
259.000000
0.000000
4.000000
6.000000
650.000000
261.000000
0.000000
4.000000
5.000000
650.000000
263.000000
0.000000
4.000000
6.000000
650.000000
264.000000
0.000000
4.000000
6.000000
650.000000
266.000000
0.000000
4.000000
5.000000
650.000000
268.000000
0.000000
4.000000
5.000000
650.000000
269.000000
0.000000
4.000000
6.000000
650.000000
270.000000
0.000000
4.000000
5.000000
650.000000
272.000000
0.000000
4.000000
7.000000
650.000000
273.000000
0.000000
4.000000
5.414214
650.000000
276.000000
315.000000
4.000000
5.414214
651.000000
277.000000
315.000000
4.000000
5.414214
652.000000
278.000000
315.000000
4.000000
6.000000
653.000000
279.000000
0.000000
4.000000
5.000000
653.000000
281.000000
0.000000
4.000000
5.414214
653.000000
282.000000
315.000000
4.000000
5.000000
654.000000
283.000000
270.000000
4.000000
5.000000
655.000000
283.000000
0.000000
4.000000
5.000000
655.000000
284.000000
0.000000
4.000000
5.000000
655.000000
285.000000
0.000000
4.000000
6.000000
655.000000
286.000000
270.000000
4.000000
5.414214
657.000000
286.000000
315.000000
4.000000
6.236068
658.000000
287.000000
296.565063
4.000000
5.000000
660.000000
288.000000
0.000000
4.000000
6.236068
660.000000
289.000000
296.565063
4.000000
5.414214
662.000000
290.000000
315.000000
4.000000
6.000000
663.000000
291.000000
270.000000
4.000000
6.000000
665.000000
291.000000
270.000000
4.000000
6.000000
667.000000
291.000000
270.000000
4.000000
5.000000
669.000000
291.000000
270.000000
4.000000
5.000000
670.000000
291.000000
270.000000
4.000000
5.000000
671.000000
291.000000
270.000000
4.000000
6.000000
672.000000
291.000000
270.000000
4.000000
6.000000
674.000000
291.000000
270.000000
