4.000000
6.999985
652.000000
212.999985
180.000000
4.000000
5.000000
652.000000
210.000000
180.000000
4.000000
7.162278
652.000000
209.000000
161.565048
4.000000
5.000015
651.000000
206.000000
180.000000
4.000000
6.236061
651.000000
204.999985
116.564697
4.000000
8.123106
649.000000
204.000000
104.036240
4.000000
10.000000
645.000000
203.000000
90.000000
4.000000
10.000000
639.000000
203.000000
90.000000
4.000000
7.605543
633.000000
203.000000
56.310135
4.000000
9.099022
630.000000
204.999985
78.689896
4.000000
7.605560
625.000000
206.000000
56.309731
4.000000
6.236061
622.000000
208.000015
63.435299
4.000000
6.828427
620.000000
209.000000
45.000000
4.000000
7.605551
618.000000
211.000000
33.690067
4.000000
7.605551
616.000000
214.000000
33.690067
4.000000
11.810249
614.000000
217.000000
39.805573
4.000000
7.605538
609.000000
223.000000
33.690201
4.000000
11.071083
607.000000
225.999985
8.130089
4.000000
9.385164
606.000000
233.000000
21.801407
4.000000
10.082763
604.000000
238.000000
9.462326
4.000000
7.162278
603.000000
244.000000
18.434952
4.000000
6.000000
602.000000
247.000000
0.000000
4.000000
8.000000
602.000000
249.000000
0.000000
4.000000
6.000000
602.000000
253.000000
0.000000
4.000000
7.000000
602.000000
255.000000
0.000000
4.000000
6.236068
602.000000
258.000000
333.434937
4.000000
6.000000
603.000000
260.000000
0.000000
4.000000
5.414214
603.000000
262.000000
315.000000
4.000000
5.414214
604.000000
263.000000
315.000000
4.000000
6.828427
605.000000
264.000000
315.000000
4.000000
5.414214
607.000000
266.000000
315.000000
4.000000
6.000000
608.000000
267.000000
270.000000
4.000000
5.000000
610.000000
267.000000
270.000000
4.000000
7.000000
611.000000
267.000000
270.000000
4.000000
6.000000
614.000000
267.000000
270.000000
4.000000
10.082763
616.000000
267.000000
260.537659
4.000000
8.472136
622.000000
266.000000
243.434952
4.000000
11.280109
626.000000
264.000000
254.054596
4.000000
8.242640
633.000000
262.000000
225.000000
4.000000
11.211102
636.000000
259.000000
236.309937
4.000000
9.385164
642.000000
255.000000
248.198593
4.000000
9.000000
647.000000
253.000000
216.869904
4.000000
6.828427
650.000000
249.000000
225.000000
4.000000
5.414214
652.000000
247.000000
225.000000
4.000000
7.162278
653.000000
246.000000
198.434952
4.000000
7.162278
654.000000
243.000000
198.434952
4.000000
7.000000
655.000000
240.000000
180.000000
4.000000
7.000000
655.000000
237.000000
180.000000
4.000000
10.000000
655.000000
234.000000
180.000000
4.000000
7.000000
655.000000
228.000000
180.000000
4.000000
7.000000
655.000000
225.000000
180.000000
4.000000
5.000015
655.000000
222.000000
180.000000
4.000000
4.999985
655.000000
220.999985
180.000000
4.000000
5.414214
655.000000
220.000000
135.000000
4.000000
7.162263
654.000000
219.000000
161.564972
4.000000
6.000015
653.000000
216.000015
180.000000
4.000000
6.000000
653.000000
214.000000
180.000000
4.000000
6.000000
653.000000
212.000000
180.000000
4.000000
5.000000
653.000000
210.000000
180.000000
4.000000
4.999985
653.000000
209.000000
180.000000
4.000000
6.999985
653.000000
208.000015
0.000000
4.000000
5.999985
653.000000
211.000000
0.000000
4.000000
10.000015
653.000000
212.999985
0.000000
4.000000
14.000015
653.000000
219.000000
0.000000
4.000000
11.999985
653.000000
229.000015
0.000000
4.000000
13.000000
653.000000
237.000000
0.000000
4.000000
12.000000
653.000000
246.000000
0.000000
4.000000
8.000000
653.000000
254.000000
0.000000
4.000000
8.000000
653.000000
258.000000
0.000000
4.000000
9.099020
653.000000
262.000000
11.309929
4.000000
10.324555
652.000000
267.000000
18.434952
4.000000
6.236068
650.000000
273.000000
26.565048
4.000000
7.162278
649.000000
275.000000
18.434952
4.000000
5.000000
648.000000
278.000000
0.000000
4.000000
6.000000
648.000000
279.000000
0.000000
4.000000
5.000000
648.000000
281.000000
0.000000
4.000000
7.605551
648.000000
282.000000
33.690067
4.000000
6.000000
646.000000
285.000000
0.000000
4.000000
7.000000
646.000000
287.000000
0.000000
4.000000
6.000000
646.000000
290.000000
0.000000
4.000000
6.000000
646.000000
292.000000
0.000000
4.000000
6.000000
646.000000
294.000000
0.000000
4.000000
5.000000
646.000000
296.000000
0.000000
4.000000
7.162278
646.000000
297.000000
251.565048
4.000000
12.485281
649.000000
296.000000
225.000000
4.000000
10.403124
655.000000
290.000000
218.659805
4.000000
8.242640
659.000000
285.000000
225.000000
