4.000000
11.071068
610.000000
282.000000
171.869904
4.000000
23.000000
609.000000
275.000000
180.000000
4.000000
21.720045
609.000000
256.000000
196.389542
4.000000
17.000000
614.000000
239.000000
202.619873
4.000000
10.324570
619.000000
227.000000
198.434906
4.000000
9.385137
621.000000
220.999985
201.801529
4.000000
10.000015
623.000000
216.000015
180.000000
4.000000
7.000000
623.000000
210.000000
180.000000
4.000000
5.000000
623.000000
207.000000
180.000000
4.000000
6.000000
623.000000
206.000000
180.000000
4.000000
5.000000
623.000000
204.000000
180.000000
4.000000
23.723083
623.000000
203.000000
239.534454
4.000000
35.400635
640.000000
193.000000
260.837646
4.000000
19.297058
671.000000
188.000000
281.309937
4.000000
17.601471
686.000000
191.000000
287.102722
4.000000
9.830965
699.000000
195.000000
329.036316
4.000000
11.615759
702.000000
200.000015
336.801361
4.000000
11.280109
705.000000
207.000000
15.945396
4.000000
20.401228
703.000000
214.000000
52.431366
4.000000
26.135939
690.000000
224.000015
71.565086
4.000000
22.027756
669.000000
231.000000
86.820168
4.000000
15.045361
651.000000
232.000000
84.805573
4.000000
12.000000
640.000000
233.000000
90.000000
4.000000
7.000000
632.000000
233.000000
90.000000
4.000000
9.385164
629.000000
233.000000
111.801407
4.000000
11.615759
624.000000
231.000000
156.801361
4.000000
8.242630
621.000000
224.000015
314.999847
4.000000
35.144821
624.000000
227.000000
312.397430
4.000000
23.849434
647.000000
248.000000
319.085632
4.000000
8.242640
660.000000
263.000000
315.000000
4.000000
7.162278
663.000000
266.000000
341.565063
4.000000
6.828427
664.000000
269.000000
315.000000
4.000000
5.414214
666.000000
271.000000
315.000000
4.000000
6.000000
667.000000
272.000000
0.000000
4.000000
6.236068
667.000000
274.000000
333.434937
4.000000
8.242640
668.000000
276.000000
315.000000
4.000000
5.000000
671.000000
279.000000
0.000000
4.000000
5.414214
671.000000
280.000000
315.000000
4.000000
5.000000
672.000000
281.000000
0.000000
4.000000
5.414214
672.000000
282.000000
315.000000
4.000000
5.000000
673.000000
283.000000
270.000000
