4.000000
10.000000
629.000000
203.000000
0.000000
4.000000
14.198039
629.000000
209.000000
348.690063
4.000000
16.000000
631.000000
219.000000
0.000000
4.000000
11.000000
631.000000
231.000000
0.000000
4.000000
13.000000
631.000000
238.000000
0.000000
4.000000
8.000000
631.000000
247.000000
0.000000
4.000000
7.000000
631.000000
251.000000
0.000000
4.000000
10.000000
631.000000
254.000000
0.000000
4.000000
10.082763
631.000000
260.000000
9.462326
4.000000
8.000000
630.000000
266.000000
0.000000
4.000000
6.236068
630.000000
270.000000
26.565048
4.000000
7.162278
629.000000
272.000000
18.434952
4.000000
5.000000
628.000000
275.000000
180.000000
4.000000
7.000000
628.000000
274.000000
180.000000
4.000000
8.000000
628.000000
271.000000
180.000000
4.000000
9.000000
628.000000
267.000000
180.000000
4.000000
6.000000
628.000000
262.000000
180.000000
4.000000
6.000000
628.000000
260.000000
180.000000
4.000000
9.000000
628.000000
258.000000
180.000000
4.000000
8.000000
628.000000
253.000000
180.000000
4.000000
11.071068
628.000000
249.000000
188.130096
4.000000
14.198039
629.000000
242.000000
191.309937
4.000000
7.162263
631.000000
232.000000
198.435028
4.000000
12.544032
632.000000
229.000015
200.555969
4.000000
4.999985
635.000000
220.999985
180.000000
4.000000
9.099020
635.000000
220.000000
191.309937
4.000000
7.605551
636.000000
215.000000
213.690063
4.000000
6.236068
638.000000
212.000000
206.565048
4.000000
5.414214
639.000000
210.000000
225.000000
4.000000
6.000000
640.000000
209.000000
270.000000
4.000000
7.000000
642.000000
209.000000
270.000000
4.000000
8.000000
645.000000
209.000000
270.000000
4.000000
9.000000
649.000000
209.000000
270.000000
4.000000
7.000000
654.000000
209.000000
270.000000
4.000000
7.000000
657.000000
209.000000
270.000000
4.000000
5.000000
660.000000
209.000000
270.000000
4.000000
5.000000
661.000000
209.000000
270.000000
4.000000
5.414214
662.000000
209.000000
315.000000
4.000000
7.162263
663.000000
210.000000
341.564972
4.000000
6.000015
664.000000
212.999985
0.000000
