4.000000
5.000000
668.000000
188.000000
180.000000
4.000000
5.000000
668.000000
187.000000
180.000000
4.000000
5.999985
668.000000
186.000000
180.000000
4.000000
9.000012
668.000000
184.000015
143.130203
4.000000
10.082766
665.000000
180.000000
99.462463
4.000000
9.385159
659.000000
178.999985
111.801254
4.000000
7.162282
654.000000
177.000000
108.435211
4.000000
7.000000
651.000000
175.999985
90.000000
4.000000
6.000000
648.000000
175.999985
90.000000
4.000000
20.155500
646.000000
175.999985
68.198540
4.000000
22.027756
631.000000
182.000000
70.559967
4.000000
10.708204
614.000000
188.000000
63.434952
4.000000
6.236074
608.000000
191.000000
63.434601
4.000000
6.000000
606.000000
192.000015
90.000000
4.000000
5.999985
604.000000
192.000015
0.000000
4.000000
6.000000
604.000000
194.000000
0.000000
4.000000
5.414203
604.000000
196.000000
45.000435
4.000000
7.000031
603.000000
196.999985
0.000000
4.000000
9.999985
603.000000
200.000015
0.000000
4.000000
9.830952
603.000000
206.000000
329.036255
4.000000
14.000000
606.000000
211.000000
323.130096
4.000000
11.071079
612.000000
219.000000
315.000092
4.000000
15.401745
617.000000
224.000015
307.874939
4.000000
8.472136
626.000000
231.000000
296.565063
4.000000
9.830952
630.000000
233.000000
300.963745
4.000000
13.848858
635.000000
236.000000
293.962494
4.000000
14.295630
644.000000
240.000000
299.054596
4.000000
9.000000
653.000000
245.000000
306.869904
4.000000
5.000000
657.000000
248.000000
0.000000
4.000000
6.236068
657.000000
249.000000
333.434937
4.000000
7.162278
658.000000
251.000000
341.565063
4.000000
7.000000
659.000000
254.000000
0.000000
4.000000
8.123106
659.000000
257.000000
345.963745
4.000000
8.000000
660.000000
261.000000
0.000000
4.000000
7.162278
660.000000
265.000000
18.434952
4.000000
6.828427
659.000000
268.000000
45.000000
4.000000
6.000000
657.000000
270.000000
90.000000
4.000000
10.000000
655.000000
270.000000
90.000000
4.000000
15.000000
649.000000
270.000000
90.000000
4.000000
15.000000
638.000000
270.000000
90.000000
4.000000
20.492422
627.000000
270.000000
104.036240
4.000000
10.324555
611.000000
266.000000
108.434952
4.000000
8.123106
605.000000
264.000000
104.036240
4.000000
6.000000
601.000000
263.000000
180.000000
4.000000
7.000000
601.000000
261.000000
180.000000
4.000000
5.414214
601.000000
258.000000
135.000000
4.000000
5.000000
600.000000
257.000000
180.000000
4.000000
6.000000
600.000000
256.000000
180.000000
