4.000000
9.385164
656.000000
212.000000
68.198593
4.000000
11.280114
651.000000
214.000000
74.054489
4.000000
8.999990
644.000000
216.000015
53.130241
4.000000
10.403124
640.000000
219.000000
51.340191
4.000000
6.000000
635.000000
223.000000
0.000000
4.000000
6.236068
635.000000
225.000000
26.565048
4.000000
8.000000
634.000000
227.000000
0.000000
4.000000
19.652477
634.000000
231.000000
333.434937
4.000000
15.180340
641.000000
245.000000
333.434937
4.000000
11.810249
646.000000
255.000000
309.805573
4.000000
12.485281
652.000000
260.000000
315.000000
4.000000
14.630146
658.000000
266.000000
311.185913
4.000000
12.602325
666.000000
273.000000
324.462311
4.000000
8.000000
671.000000
280.000000
0.000000
4.000000
7.000000
671.000000
284.000000
0.000000
4.000000
11.615773
671.000000
287.000000
66.801407
4.000000
21.117243
664.000000
290.000000
83.290161
4.000000
18.035667
647.000000
292.000000
85.914383
4.000000
10.082763
633.000000
293.000000
80.537674
4.000000
6.000000
627.000000
294.000000
90.000000
4.000000
5.000000
625.000000
294.000000
90.000000
4.000000
5.000000
624.000000
294.000000
180.000000
