4.000000
15.704728
609.000000
188.999985
340.016937
4.000000
13.848844
613.000000
200.000015
336.037476
4.000000
9.000000
617.000000
209.000000
0.000000
4.000000
6.000015
617.000000
214.000000
0.000000
4.000000
7.162263
617.000000
216.000015
341.564972
4.000000
8.123106
618.000000
219.000000
345.963745
4.000000
12.246211
619.000000
223.000000
345.963745
4.000000
20.492422
621.000000
231.000000
345.963745
4.000000
16.369316
625.000000
247.000000
345.963745
4.000000
9.000000
628.000000
259.000000
0.000000
4.000000
15.704700
628.000000
264.000000
340.016907
4.000000
14.198039
632.000000
275.000000
348.690063
4.000000
7.162278
634.000000
285.000000
341.565063
4.000000
5.000000
635.000000
288.000000
0.000000
4.000000
9.099020
635.000000
289.000000
191.309937
4.000000
19.000000
636.000000
284.000000
180.000000
4.000000
33.274563
636.000000
269.000000
187.853317
4.000000
54.960770
640.000000
240.000000
195.945404
4.000000
26.472204
654.000000
191.000000
200.854462
4.000000
13.486833
662.000000
170.000000
198.434952
4.000000
13.848844
665.000000
161.000000
203.962524
4.000000
6.000031
669.000000
152.000015
180.000000
4.000000
5.999985
669.000000
149.999985
180.000000
4.000000
5.000015
669.000000
148.000000
180.000000
4.000000
5.000015
669.000000
146.999985
0.000000
4.000000
5.000015
669.000000
148.000000
0.000000
