4.000000
5.999985
616.000000
208.000015
0.000000
4.000000
9.099020
616.000000
210.000000
348.690063
4.000000
7.000000
617.000000
215.000000
0.000000
4.000000
12.062258
617.000000
218.000000
330.255127
4.000000
6.000000
621.000000
225.000000
0.000000
4.000000
12.944272
621.000000
227.000000
333.434937
4.000000
8.123106
625.000000
235.000000
345.963745
4.000000
9.385164
626.000000
239.000000
338.198608
4.000000
6.236068
628.000000
244.000000
333.434937
4.000000
7.000000
629.000000
246.000000
0.000000
4.000000
5.414214
629.000000
249.000000
315.000000
4.000000
7.000000
630.000000
250.000000
0.000000
4.000000
8.123106
630.000000
253.000000
345.963745
4.000000
6.236068
631.000000
257.000000
333.434937
4.000000
6.236068
632.000000
259.000000
333.434937
4.000000
6.236068
633.000000
261.000000
333.434937
4.000000
5.414214
634.000000
263.000000
315.000000
4.000000
6.236068
635.000000
264.000000
333.434937
4.000000
6.000000
636.000000
266.000000
0.000000
4.000000
5.000000
636.000000
268.000000
0.000000
4.000000
5.000000
663.000000
203.000000
0.000000
4.000000
4.999985
663.000000
204.000000
0.000000
4.000000
6.000015
663.000000
204.999985
0.000000
4.000000
5.000015
663.000000
207.000000
0.000000
4.000000
8.123091
663.000000
208.000015
14.036293
4.000000
4.999985
662.000000
212.000000
0.000000
4.000000
10.324570
662.000000
212.999985
18.434906
4.000000
10.324555
660.000000
219.000000
18.434952
4.000000
10.324555
658.000000
225.000000
18.434952
4.000000
12.544003
656.000000
231.000000
20.556046
4.000000
11.211102
653.000000
239.000000
33.690067
4.000000
7.605551
649.000000
245.000000
33.690067
4.000000
10.324555
647.000000
248.000000
18.434952
4.000000
11.211102
645.000000
254.000000
33.690067
4.000000
7.162278
641.000000
260.000000
18.434952
4.000000
13.219544
640.000000
263.000000
40.601295
4.000000
6.000000
634.000000
270.000000
0.000000
4.000000
9.656855
634.000000
272.000000
45.000000
4.000000
8.242640
630.000000
276.000000
45.000000
4.000000
7.162278
627.000000
279.000000
18.434952
4.000000
7.605551
626.000000
282.000000
33.690067
4.000000
8.242640
624.000000
285.000000
45.000000
4.000000
6.828427
621.000000
288.000000
45.000000
4.000000
7.605551
619.000000
290.000000
33.690067
4.000000
10.403124
617.000000
293.000000
51.340191
4.000000
10.403124
612.000000
297.000000
51.340191
4.000000
7.605551
607.000000
301.000000
56.309933
4.000000
6.236068
604.000000
303.000000
63.434952
4.000000
6.236068
602.000000
304.000000
63.434952
4.000000
6.236068
600.000000
305.000000
63.434952
4.000000
6.236068
598.000000
306.000000
63.434952
4.000000
5.000000
596.000000
307.000000
90.000000
4.000000
6.000000
595.000000
307.000000
90.000000
4.000000
7.000000
593.000000
307.000000
90.000000
4.000000
5.000000
590.000000
307.000000
90.000000
4.000000
5.000000
589.000000
307.000000
180.000000
4.000000
5.000000
589.000000
306.000000
90.000000
4.000000
5.414214
588.000000
306.000000
135.000000
4.000000
6.000000
587.000000
305.000000
180.000000
4.000000
6.000000
587.000000
303.000000
180.000000
